500
0 6160 9763 359 8428 883 2736 5195 6067 3172 6953 9503 4178 9759 3298 719 6545 6029 4855 3077 
1 6028 6367 4339 812 3222 6774 2177 1296 3592 204 5111 5882 3670 9688 1956 9842 
2 1394 7939 5000 308 544 6439 8424 7774 4878 2393 2962 
3 4339 9238 7099 6823 1161 2560 490 6653 2607 3596 2802 4402 3043 6613 
4 1319 8209 2907 591 8460 6426 9874 5550 9995 1567 199 1962 9636 3378 5038 4558 8343 5715 
5 3838 7006 9226 2345 5532 2248 2547 4720 7528 4159 329 8708 9404 
6 8427 8637 9364 4340 9351 6527 1834 8673 4388 4812 6529 760 374 3383 
7 7769 1982 8762 2435 231 1024 5859 291 8370 6236 447 2555 2962 
8 488 9804 4253 8572 9997 4485 9674 1522 8613 8081 4911 1055 7038 8233 5458 321 
9 5211 8746 2129 3643 7537 7400 3194 6917 8999 3153 1734 336 475 4691 4170 2555 
10 1330 9749 1105 2594 9820 1445 3636 8738 834 265 1272 8527 9921 8313 756 952 9129 3894 2 
11 9571 5258 8391 6646 4953 8033 9147 5398 760 8580 4884 7652 
12 4622 9550 1849 5312 4347 7869 7907 3297 6279 7481 8133 141 7575 2288 
13 9897 4927 3146 9735 5988 7873 4136 5795 2638 4779 1719 8484 4326 3905 3584 3936 
14 5968 6281 3549 9400 2585 9101 3772 9705 5965 2118 7749 4004 6218 2858 
15 3456 4380 4761 7066 3883 1773 9006 6027 1882 8425 1774 8227 3103 
16 1611 6693 5179 5522 5917 4213 3692 266 9156 723 5109 9593 1900 4340 79 
17 9263 5041 7490 1666 4597 3780 1079 9781 7028 1547 4909 1774 
18 9298 362 7884 367 5010 2220 1572 7916 4929 4302 6805 1954 9843 7786 5962 
19 1147 7186 2800 598 3407 2590 8514 2498 3794 6525 1979 2555 6258 979 2962 
20 6587 7121 9168 5651 8461 9889 8196 1052 2834 3892 4743 925 2426 1984 
21 6765 1175 6030 9423 5144 2583 1770 2436 4042 8051 2431 4495 260 7029 4107 9265 1984 
22 8368 7220 8088 7792 9529 2186 6335 6112 6461 3700 1668 
23 2931 2233 2391 2129 3625 2946 4381 2453 4015 6640 2480 
24 4293 5866 6263 5427 9121 4206 3419 5624 3028 7120 3081 
25 8375 2134 9597 6467 2945 2845 7322 6628 1115 9407 219 828 
26 3360 4714 3118 7918 4255 3650 6639 3021 2690 6437 173 3714 4486 8722 5962 
27 6353 3555 2161 5794 882 7073 7525 568 3005 5744 8018 3180 1868 7652 5412 
28 7358 835 2593 1344 7451 8884 7604 6601 7119 8605 6355 
29 2197 7884 4645 2329 6881 7004 5073 5797 2396 6000 8240 4258 6369 7699 4199 
30 5059 6115 5109 9428 2082 9895 4158 8583 5858 5391 1142 4786 7987 4901 3073 2875 569 
31 764 22 8816 7851 5741 1953 5829 9556 3121 5275 53 863 5062 2349 4035 6613 
32 7616 1826 9856 5523 372 6167 1158 4991 2126 244 3368 7439 6196 259 8125 
33 4007 3715 5119 1938 9920 5744 4961 9127 2727 9803 1950 843 
34 9327 2370 4859 9799 5940 3918 1976 1035 3048 7975 3376 
35 5728 7530 8674 4353 4296 5952 3152 2418 7445 9593 9688 2288 
36 4224 6925 7624 644 9081 2424 8989 8263 1899 7577 7057 1380 9065 8156 1956 2327 
37 7042 9367 1721 2923 5019 4304 7274 2398 2519 7043 2272 3396 1009 2288 3894 
38 2083 3797 5562 8135 7791 5504 9700 4018 9988 4837 8208 2105 2264 9848 
39 4655 6191 8566 22 4534 7234 2879 3080 5110 4559 7573 8787 9132 4140 2038 3762 5762 2240 9007 
40 7553 6573 7415 7195 1827 5476 6370 4710 2755 7003 1979 
41 7427 8523 2896 2191 7328 4595 2998 7680 2249 712 1750 2555 
42 1803 7742 3505 8157 8595 7313 3707 4251 7296 4661 5466 9744 6424 7236 9026 4326 
43 66 9247 6258 7649 518 2339 6514 3457 5416 1123 4735 6950 8971 8223 1773 6412 7320 9615 
44 4291 6258 93 6024 157 2680 1091 8348 7877 2532 9388 505 2877 6739 79 
45 3194 8037 359 6997 7801 6376 6250 3058 5478 7885 4429 161 4561 2294 8125 2 5962 
46 3885 3678 9367 8781 6135 7910 6033 2548 851 1556 7977 5251 7874 8910 7153 
47 5615 3150 9132 696 8878 4777 1536 6351 8817 9547 7595 5869 7413 
48 3716 8858 891 5617 2054 8200 6972 7021 5012 1079 6327 
49 3005 720 4546 4419 2972 7160 7210 5312 6925 571 9063 3424 2326 1987 3064 8043 
50 3859 1343 3587 1513 9419 6857 1455 9138 8246 5043 1908 9731 332 4199 259 7709 6101 2986 
51 8566 8850 2711 779 1590 1049 5388 6609 5350 9302 3978 867 5748 
52 8240 613 1274 6693 2234 3471 2803 8752 308 6950 6114 5029 7759 2962 3032 
53 3852 2676 532 8718 8160 3398 4746 9108 7865 5360 6613 
54 3465 5850 6497 6498 7353 2773 8593 6105 6157 1440 5925 1764 276 3309 4591 220 2555 
55 2150 4684 6311 5592 915 2672 2217 144 1416 386 8116 6938 
56 9376 1230 7909 1398 3819 2058 514 7214 8521 71 5131 9330 8008 6588 650 
57 8911 4171 8163 2771 4675 1627 82 6978 372 6265 8391 2281 4629 9716 7087 647 
58 7468 349 1755 5422 4327 5351 3312 8954 4869 7290 1746 5177 7709 2704 8644 5340 
59 3904 9558 4741 5406 4641 1435 2967 9474 4538 8265 5044 9344 9007 3012 
60 8937 4586 3526 4345 9418 939 1145 6917 2029 8744 1639 7975 1640 8358 1183 5917 2121 
61 7307 3348 4801 2512 655 833 71 765 6522 8432 4225 7023 8922 935 4199 
62 2125 8219 4395 1362 4319 6395 6857 585 5341 3941 1353 6020 2892 1429 2240 
63 578 6155 4728 8793 210 9505 9080 1960 6595 5794 1664 2329 8828 8522 4527 9014 8644 79 9968 
64 2018 3498 4825 6550 3703 3619 4710 7358 487 7493 1335 955 7481 9044 6537 
65 4750 6990 6516 1239 2258 2213 5557 9931 8854 2669 4607 6547 6141 6827 
66 3059 2263 7216 8889 3653 6181 3525 1020 2556 7924 3625 9044 8227 3146 2533 8716 3074 
67 9912 6154 4450 3803 8976 6890 1142 6312 2985 3241 7648 1935 5748 6270 6258 
68 5007 2610 5595 5195 7076 2741 7642 873 8845 2240 
69 5714 3562 5298 4743 2550 6133 4525 4856 5717 7213 417 3074 9968 
70 8538 23 4830 3306 2992 3642 1302 6415 3655 5408 1310 6331 9023 1774 
71 5144 8864 7904 2779 1075 1107 1895 3977 676 4349 5899 7234 4294 8043 5307 
72 8263 3320 658 3168 2235 3252 997 6000 2993 7123 5983 468 5386 2962 
73 5787 9220 7787 3751 1180 8627 4653 9104 8002 2263 7733 340 7699 1353 6044 
74 757 5326 242 6027 9305 9204 9123 8728 6686 7061 1020 9215 3543 
75 9096 8198 8620 263 2548 6249 812 3933 3227 6153 5677 
76 7249 7835 4115 2233 3760 5785 2693 286 1014 7692 625 7948 6797 6061 4624 5880 
77 4994 1010 4610 3745 6058 499 1804 5737 7923 5667 9493 4517 7652 321 
78 1614 1842 9256 4134 7122 9642 4083 2368 1200 2566 8453 3936 
79 6542 2509 4344 1602 29 2902 3544 4496 8989 1414 3656 6980 79 
80 4925 1420 5362 4970 751 955 1383 9244 3370 3376 5348 5683 1982 8531 6420 575 3540 1348 5869 
81 2289 3532 8682 4589 8311 9505 5797 8925 3864 8966 1304 4175 7361 2240 9129 
82 3461 2078 864 8036 8682 7362 4223 1777 1723 4803 5507 
83 4541 6010 847 6041 3558 3467 2342 7578 131 154 3418 4060 3944 3111 
84 8342 6909 8013 2361 2722 3340 4985 8864 3130 3121 8290 2033 8837 3864 5992 8145 
85 2127 5152 8303 5345 8143 9757 7350 2585 5477 425 2695 9083 9569 2897 4786 2155 9013 7153 
86 7784 9350 736 3599 868 6123 4824 9839 751 3776 1996 5211 1476 7434 9133 3958 5307 
87 562 7508 297 5321 352 810 7968 2622 2744 8169 8183 219 5704 5729 7545 321 
88 2190 5592 3144 9021 1792 5862 9742 524 496 3340 2240 8353 4505 1683 2203 428 4959 3905 7204 7949 
89 1006 1673 9511 7149 9703 6911 5905 6410 8436 6935 9013 
90 9414 1202 1637 65 1807 2644 3378 7453 4237 9462 5543 6101 
91 2275 8193 5836 949 6837 5691 3908 7840 5016 7723 6454 4985 
92 9624 1544 1179 6541 9815 7584 16 6348 2640 6823 1665 9265 8387 2240 7153 321 
93 1161 8880 2515 6717 6341 2466 1170 6920 8680 1219 9413 1902 9703 4362 7699 
94 7930 712 1933 3084 8859 202 915 7306 2779 5622 5722 8384 2711 5502 6748 183 108 7713 
95 2752 9638 3616 4583 672 5044 4364 4462 7307 3595 6720 7482 4214 9301 7762 
96 6640 1298 3051 648 9702 6116 5384 2503 6027 9485 5335 5546 7581 1571 8994 
97 6917 8101 5998 1698 7607 8862 3394 2878 1423 9003 1937 6585 8084 116 3758 847 9545 6613 5412 
98 8305 9852 1649 5847 9796 4521 5075 1553 2180 3095 6691 4463 5862 2240 
99 5511 6780 461 1835 6379 2564 3897 4632 9676 1416 1345 2013 
100 7208 4999 7605 6415 6624 5754 9207 3691 2874 2197 4780 6458 8125 
101 1600 3926 634 1233 8352 8793 4046 4253 5644 4347 7447 6693 120 1555 550 6020 7699 
102 9621 9248 7152 4671 738 6035 3372 214 5363 7688 4341 831 3855 5902 6187 3012 745 
103 2196 4334 587 6906 4263 572 2169 4281 5393 7426 
104 2799 2421 4686 2858 3376 7194 8510 4906 3502 8583 4031 2583 4708 2465 8431 2155 2962 
105 5857 91 5280 3797 1663 6259 4066 3334 7926 4124 3666 139 9040 6672 1763 6613 
106 9411 2515 6830 9749 5332 6573 7062 82 6208 5715 5661 7233 4463 7105 2555 
107 4750 7486 4450 6488 4968 9189 8678 5409 2635 2938 4667 5557 6790 5880 
108 6368 8390 3841 8911 8738 5407 4229 1327 4542 30 7168 7252 8753 1353 6534 321 
109 1020 958 5338 6038 4749 6636 4992 7204 3902 8674 3637 1888 6491 2771 
110 4672 7747 9597 4808 1686 7355 8514 5666 907 8768 3884 6963 2979 7762 
111 3774 7416 5374 5533 2644 3583 169 3294 8097 4778 7880 1871 2962 
112 9316 2698 6052 6253 1695 8577 8002 6549 9313 8943 1271 132 5483 6931 4352 8722 
113 390 5188 8927 2077 4530 754 3625 8080 8508 8408 9722 8337 1611 5339 
114 1552 7686 9729 3 653 8234 3182 5621 6324 4332 6748 1888 7833 7454 8069 2 
115 6127 2070 9693 1711 7261 9932 4054 6337 1102 1639 8653 477 
116 1783 1093 9785 5738 5571 8637 4892 7758 2736 8618 2327 
117 2003 8493 9189 8866 2476 8481 1027 8645 2701 583 39 5783 847 9374 4527 935 
118 224 7317 3867 5603 7117 4559 598 4489 2871 1784 2 2555 
119 4613 1600 7321 1066 7445 1721 3797 1363 2882 6988 9513 3101 1914 828 84 1105 3111 5962 
120 6057 7663 4986 3755 5240 2796 782 6641 226 2504 5283 3661 254 2240 79 
121 9712 4995 2017 4243 9172 4414 667 3741 2103 8701 3829 2742 5622 3316 7153 2240 
122 3261 5140 9596 1195 8903 8264 2385 8011 539 2781 9036 6538 
123 3099 2405 8153 5426 8469 788 304 953 6879 2464 259 5962 
124 5023 4510 8799 7103 2144 2417 8738 6963 8376 4331 5245 9089 1534 5762 3877 
125 2138 8979 4607 7718 9067 7233 5548 6331 8861 212 5552 7629 200 1625 
126 6740 4130 5755 5007 3339 2992 7022 4888 449 4623 6327 2643 9533 9007 
127 1070 6652 4721 3322 2138 5533 2903 6914 8513 9898 4247 1391 9573 1668 6547 
128 8827 8131 4508 4937 8119 9650 5382 1805 4966 8797 1428 8822 4938 3308 3543 9533 
129 6278 2194 491 9047 3514 7140 7685 4293 5155 6938 2 3877 
130 8969 9887 7547 4769 7910 4181 5601 6556 1813 718 802 2109 
131 4264 1877 7089 1496 3510 1567 5804 6601 5155 3336 2948 7480 5831 1581 7 2190 259 1299 
132 728 5680 5424 5078 6971 2696 1351 3376 1595 2215 2920 9167 2611 7883 3936 
133 8992 2896 5526 1521 1201 9923 8668 3126 2748 221 
134 2426 3214 6045 5093 1588 6861 9331 2369 5273 5665 2071 1638 4437 3982 
135 6928 6397 9169 364 6350 1359 389 9706 9839 786 7880 5468 2404 5322 2 
136 3230 7358 7503 6560 7873 270 5766 3447 7118 5517 8722 528 4985 5340 79 
137 8285 3526 7870 7559 8807 4739 8213 7816 7196 8462 7429 
138 8871 4736 8464 8167 2379 3649 3992 566 1509 9171 8185 3753 
139 4148 1323 7010 1767 8699 4908 7811 8758 1814 614 5930 2892 6101 
140 400 3806 6242 2751 1157 2835 1165 7066 8405 6072 4203 2895 8212 2643 
141 5481 4627 5715 6877 6417 9715 887 6278 5754 437 8744 7069 1273 7802 1625 427 935 
142 2789 6139 4150 8093 8174 3057 1633 7883 7601 6890 8052 1770 2359 7902 3307 4824 3012 
143 1908 8898 2364 4380 673 360 2404 9576 4181 8995 9056 6355 1710 3543 
144 794 2169 580 2433 1128 7118 491 8196 337 8074 475 2768 3894 
145 3383 1099 5687 3382 6739 9041 8329 5465 5941 5469 361 1383 7210 8332 9615 9465 9007 
146 6951 3665 3077 8172 1007 7799 8626 5711 5515 2613 3759 2817 6467 4664 7438 
147 6631 5282 7117 6931 4924 6216 4531 3885 4065 9045 9999 5001 6102 1733 8817 2615 
148 6706 6896 3888 9155 3683 423 3502 3142 6840 3837 3982 
149 6054 3947 8274 7606 2497 6420 4416 5176 3262 7676 1878 7517 2155 2986 7762 
150 7909 2049 7162 319 7510 3288 1793 760 6708 734 5234 1871 6161 7762 979 
151 7993 7482 2353 5659 8735 7249 1618 4483 8010 3561 148 
152 3807 8224 4209 9858 9710 3608 3232 9686 7065 6232 6003 6320 3362 8743 5895 9139 7997 6938 
153 5333 5320 1277 2816 4386 4759 5251 2938 6590 2880 2741 4264 1515 3783 
154 9963 6569 4347 8940 5881 2868 5403 9315 4178 5086 9224 4199 
155 2292 2442 3955 7144 4572 5204 2645 8982 3338 1153 8486 5855 2962 7314 2818 395 1299 
156 2669 569 4032 4774 8389 1318 1361 8016 5339 7573 1534 3584 
157 4754 4838 482 5342 8664 9022 2574 7043 1952 3726 7055 3074 
158 7751 5210 5594 6851 1034 4891 6840 6862 8740 7743 4142 1752 
159 8722 3643 1573 9784 3469 1146 6464 976 6275 134 6030 1060 7044 6550 
160 7874 2950 7632 9317 3624 9619 6258 7903 5202 2258 1708 1737 
161 3989 3804 4474 831 5240 102 2160 4241 5553 7190 9738 8010 7922 6385 447 1871 9545 
162 6031 8850 4031 7949 3588 3256 8195 2913 3600 2676 36 3173 571 7163 7652 2962 
163 4988 7327 2422 6060 8162 6171 3689 1481 4073 7110 210 8916 7148 1583 7413 1668 9007 
164 605 3356 1160 2463 961 9673 4363 8833 3094 8858 5525 6134 
165 8890 150 3581 233 6503 1357 8476 3820 9333 2214 8057 6269 4941 2426 8396 6270 
166 4370 1163 6385 854 8125 6143 7258 9282 1357 3776 6456 5359 2318 2653 6082 7438 
167 221 9317 740 2818 8594 2401 9546 7925 2215 382 6232 7276 6502 6404 
168 9746 7459 8993 2470 2285 2302 7940 5371 5873 3462 9470 7770 2340 7762 
169 3064 8943 9224 8546 6676 9755 2494 765 5312 2879 798 2963 7537 7912 7652 
170 3125 8986 1897 4076 9459 8240 237 8721 7980 7861 8406 8284 
171 883 8388 1468 9457 6676 5825 4354 7028 8426 6757 220 1762 2685 3377 
172 4115 4031 2754 592 9774 5838 9364 4657 5578 5666 3841 3885 8105 8812 3936 321 
173 3850 8342 2867 6150 5957 7789 8363 9014 2562 5683 5447 1732 3653 7949 8134 6134 
174 8544 9209 4322 8805 1622 1928 9499 5405 7188 3207 6428 
175 8099 452 6507 6637 5529 7118 9953 6362 4819 2803 6290 4749 8130 6101 
176 9885 9643 1902 4524 6992 7954 7816 5961 4015 5166 6848 6762 7984 6482 2643 
177 3039 5907 6459 1776 3002 6599 8683 3429 208 8407 3721 3320 6709 4107 3602 5639 
178 1496 3778 4819 626 9102 932 9959 4026 674 9764 7701 5522 5400 2340 8994 76 4020 
179 1674 963 6258 3018 6706 5923 4301 3061 1354 2389 5929 3776 3796 6020 5715 
180 7792 8893 8646 7552 1927 706 1146 3274 4241 5525 8507 1058 7762 
181 8033 5431 4871 5347 8359 6794 1282 7231 8960 6149 6608 176 
182 3808 4995 8580 6089 1665 6628 7415 2598 6639 4133 4444 5327 7839 5310 7429 2555 2986 
183 4294 874 6670 2804 1215 1555 2930 219 2992 6066 202 6841 9830 9953 647 6938 6827 9842 2 7153 
184 2951 3119 6691 4734 2549 1309 8766 7377 6134 4201 5779 7804 5582 3964 3894 8134 
185 9691 59 1964 725 1077 6125 8471 5691 8367 9934 5867 7732 
186 8163 2584 7114 6224 5601 201 1162 2977 5293 4081 9848 8812 7699 321 
187 5365 5430 4183 1114 2472 6545 6209 2722 6912 9955 6191 9409 2699 1256 4855 427 1668 
188 2181 7846 1838 6166 6794 1270 98 1122 1956 1901 5389 3163 4326 2121 427 
189 341 5127 5093 429 1906 175 827 1335 5446 3074 7652 9968 
190 8098 5887 2706 5574 7747 9360 7526 1893 951 7655 6936 6871 1139 1246 6613 
191 1059 1636 8420 696 5073 4187 8640 8574 4843 2732 8994 5715 
192 4304 3293 7840 2515 6974 9015 3267 8442 7026 3260 8345 6875 1657 7413 7120 
193 9720 4457 3585 7010 5525 5625 4629 2041 2934 5548 2074 2201 9696 732 3111 77 6428 3117 4647 5446 979 2288 321 
194 7463 3528 7456 3077 3454 2006 8866 6320 5805 165 4512 8231 4848 8150 8212 6537 9007 
195 191 8410 5561 4367 7245 9331 992 1307 3981 1586 3210 1130 1387 8958 
196 3068 1935 5972 956 9512 3987 1568 3537 6353 7601 8748 5856 2892 321 
197 7786 3910 2687 9935 2745 3857 4909 1652 7453 1695 6514 5747 3728 2643 
198 8027 2124 1989 1718 7213 5914 3774 6572 8443 340 9608 979 
199 7323 1494 6869 273 3770 5460 8876 3227 7818 4039 4636 3376 321 
200 2551 815 7294 1306 1917 9802 2015 8758 747 4978 1289 7290 4558 1719 5862 427 3106 732 79 
201 5909 8523 610 9933 9288 5824 2983 7475 7492 3816 6531 3895 4341 6178 6938 
202 4284 2099 1715 5883 659 799 1708 4409 9716 1793 8069 4035 2555 
203 3273 6476 4841 5607 9295 5092 9128 4896 924 7329 9926 7949 
204 3438 6227 608 1189 3147 7318 7943 9378 9707 3114 2650 
205 7837 9069 9694 7860 1002 9695 6575 3388 4260 2404 7153 
206 1600 2631 8084 5046 812 5581 3943 5177 2436 4579 1979 2340 
207 5692 1845 7020 5934 2996 3722 535 4880 8187 9529 3054 3275 1668 7880 5677 3144 
208 9256 7823 6368 5287 9626 7999 7674 6260 2542 2175 79 
209 8008 7383 691 6413 3531 7914 5462 7248 3243 9747 4560 287 8105 1799 5445 4377 5412 
210 6494 647 2111 6954 419 8740 7281 4556 562 3325 1091 8005 
211 7660 8202 6338 1927 7638 8682 381 7020 3013 9351 8269 
212 8983 3202 7895 4211 8814 2844 1098 3389 7406 2785 9318 5915 843 
213 2491 5825 7232 4897 2900 764 148 5146 8118 9019 5119 1276 4286 7709 
214 3632 6332 6854 6646 7122 1867 3816 9258 1106 7762 4035 
215 1267 1000 8302 5886 5595 2848 2786 877 7715 1083 2962 9968 
216 5409 6953 2291 6478 6457 3879 8241 311 2572 1298 9259 6170 2643 
217 9565 992 9129 1111 5395 433 5353 2231 9388 5415 9048 9997 5607 625 
218 7224 9194 8542 5950 9034 5055 1064 7164 8059 6103 4561 4901 
219 9784 3535 1535 41 4722 5300 8445 7938 9111 5246 2447 7060 9444 5064 3936 
220 4709 6824 6577 2062 5692 8899 6712 7586 9395 7186 1017 4486 3946 2550 205 
221 9593 6328 2638 8739 3404 3363 3126 9281 5195 2109 8915 9930 2240 
222 2341 5158 7963 4097 6342 3999 3735 2203 7875 8119 9219 5097 
223 8392 7263 6241 9388 1391 2922 3548 7411 2552 6057 500 385 1495 5003 139 3012 
224 9810 1963 2973 2157 6144 1170 7611 1790 9413 1893 182 5451 3584 2904 7575 8994 
225 2596 2830 5346 2843 1349 3923 3870 7628 9167 8056 4079 1250 1668 979 
226 8019 1218 8422 6471 738 463 8543 2925 4097 6231 7137 4807 1383 7296 4326 3936 7438 
227 9959 5027 7941 5135 8131 9726 2454 5360 9146 7986 379 6652 1774 
228 8358 5630 1479 5182 3450 7398 498 6631 8718 8632 5422 2683 3363 1752 3012 
229 9139 9460 7044 8994 4827 6379 699 6808 1909 7227 6606 6654 7040 2538 5715 
230 1460 1356 3484 920 4987 7953 7072 9056 5103 3764 200 6021 9007 9244 
231 7925 2680 6894 7874 7547 6565 8208 2346 360 7383 1352 4832 7162 8293 3012 
232 4214 9566 4835 6043 2747 9878 8514 333 8715 6523 2061 9197 4266 
233 3920 514 917 4147 2495 3789 3529 9248 5958 1178 1038 9255 6502 2343 6281 4311 935 9842 
234 163 1958 6635 3153 7849 2326 2746 8204 1785 6375 5193 316 5235 4402 9087 5895 5437 5880 4341 
235 3871 6562 5032 8595 3387 2780 7542 1410 2864 5838 5386 7699 321 
236 2919 6690 1577 4987 1879 9477 3843 4387 9861 6538 
237 4735 8559 8294 5388 3828 9192 2882 4972 845 9889 6715 9031 9852 7949 
238 5159 2432 871 7638 2681 8836 7734 9235 1048 3069 310 8514 2962 
239 300 3189 4791 5929 5958 8990 9823 6048 448 645 9845 4784 5715 7438 
240 5885 2293 7676 2641 7169 6187 1205 4111 3426 7682 178 8823 8429 6790 4341 6613 
241 3676 7373 5310 6653 4158 4808 8900 8391 8720 5283 2206 3077 7880 
242 5750 2749 992 6831 86 2400 7917 8467 7121 102 3079 6675 
243 9269 20 2719 1549 8010 213 142 3508 4633 4765 
244 6325 7593 8749 538 4253 3988 1883 516 4513 5707 5479 9733 6101 
245 2326 580 884 8605 8808 6509 7516 3450 282 6825 6013 7078 7254 1763 2986 
246 2140 3306 4189 2795 3126 8750 1851 8057 9837 1774 
247 6796 2846 5751 7522 5920 2962 5069 7364 2602 240 3362 8785 1105 6613 
248 7248 3770 2483 6318 6786 9752 7293 4971 969 288 1091 8140 5715 
249 2274 5549 3135 3837 3645 1509 2886 4936 7840 7438 
250 4240 3766 3275 6594 5486 2997 3358 182 6606 6042 9453 1348 2191 7732 3612 3982 
251 7569 4215 2067 9980 8340 357 8861 5963 8571 8188 4284 7240 2666 6170 3023 7153 
252 1629 6956 8177 4875 7415 6607 5737 5994 7870 4531 638 8125 1125 8209 
253 8997 7495 5663 5112 2494 325 7021 6105 5675 5552 2639 8965 8922 6545 7883 
254 9352 7748 8113 6423 7771 3995 392 7888 4651 2272 9618 6667 9667 2676 7413 3982 
255 3325 7463 1063 4591 2294 5401 3086 366 1517 1021 9276 2199 3885 
256 8298 2586 1164 3643 1763 9274 4319 2012 1323 9527 6777 7125 9965 1479 6387 9301 
257 1905 9037 8197 969 915 6454 9831 4550 4080 5389 9125 8841 8351 368 7806 3240 7736 
258 2981 5835 1850 9133 3707 4635 2403 2971 3615 4042 7660 3383 8125 
259 5584 1401 6496 2730 3037 3454 3895 9067 6524 7384 6364 8815 4238 554 321 
260 6132 9798 7143 6507 2476 3649 7643 8221 6878 8440 8307 482 439 5064 3894 
261 1 9003 3772 1199 316 9321 8383 6826 6793 6961 7 6020 3521 
262 4312 4135 8447 8228 4849 523 4008 5743 9451 1372 5622 9003 
263 1945 1972 6341 2640 7615 2508 29 5379 4180 9329 8619 9398 5490 8269 4326 7949 
264 3163 3959 1438 1176 8075 6946 6836 7469 6928 3768 7414 9423 6744 5307 5715 
265 9811 1386 9634 8224 1620 2709 3217 6286 5866 3757 4985 8125 
266 5481 7105 3762 9531 3030 3606 1676 473 8068 6730 5565 6035 8780 2704 3894 7713 2555 2121 
267 9037 3111 2434 1532 2076 6316 1109 8302 6918 1223 9991 2735 476 2240 6101 
268 1902 6941 3712 3602 9366 6034 7114 6066 2776 9327 1081 2555 
269 407 2736 3531 214 2144 1004 7448 559 4540 5919 7986 9013 569 
270 1320 582 4133 5143 9649 2501 7237 8389 8213 3270 6863 3371 2643 7949 
271 6059 1581 5428 5960 34 6586 2499 1452 318 8717 2935 5401 6938 6547 
272 453 7641 750 4251 5146 949 1078 735 4057 8457 3081 7737 7709 8994 
273 4772 5251 1962 8085 9502 2630 8054 7208 6468 9508 336 3079 5038 7265 8332 3936 7713 
274 410 1555 4262 9466 1097 7058 7999 2959 6826 2412 9654 7 4020 1429 
275 6548 7901 9818 9386 3193 6832 9539 715 3710 5964 5437 427 2962 
276 2441 2245 7229 7609 3056 631 7461 805 4638 9510 2288 935 
277 8272 3043 7480 8923 8965 155 8225 5477 8579 2202 624 4851 3805 3050 3195 5248 1149 1353 
278 9226 9520 9064 2757 3144 2723 3235 1506 307 1950 6647 9770 8072 652 9211 374 79 
279 5390 4224 3311 8861 4306 838 3481 5611 52 1201 1942 3539 1611 7413 4352 
280 1648 8937 1042 7063 3758 5127 2506 5331 174 9392 3789 9450 5493 7213 8134 6635 
281 4358 1339 2828 4965 9199 5726 8768 2951 9899 1621 5251 3409 7853 5810 6952 1648 1569 7055 5715 
282 5440 1992 4242 3947 752 3586 791 657 9172 3333 4116 5494 5693 7880 4035 7652 
283 861 644 3615 2211 8714 5363 4094 5977 8615 9526 8287 6258 
284 9511 7800 8596 1280 1386 3297 9308 7796 7386 1328 3677 8183 5583 2240 
285 5595 4278 8794 1716 8484 9671 4366 4641 2120 5848 4565 6223 2232 4230 3637 949 5437 8125 9160 148 8994 
286 2445 1032 2395 3074 9900 5084 1302 4023 8681 8070 5762 4020 
287 7225 8158 9484 7527 6042 1279 5450 146 7435 2491 9848 7709 5962 
288 5420 2979 2138 9574 311 9668 8344 6292 6269 9734 4944 2296 6882 5178 5359 4027 5752 2240 6613 2 
289 8827 5179 759 6733 3464 4671 9557 8851 3802 6597 9172 6189 5715 
290 3336 3169 6172 7491 4987 4908 6826 8268 7506 3344 5762 
291 9508 168 6630 5159 1656 7792 5765 8216 863 5209 6547 2263 2595 3543 
292 9670 342 7745 5133 4461 1260 7817 1045 4033 1557 7811 574 321 
293 9691 3026 594 354 970 4484 9732 2492 2998 1253 6611 
294 1854 4326 6579 5085 761 2354 2702 6681 7223 3815 9409 6405 6216 6101 
295 3840 2059 374 6468 2886 3693 827 9929 9238 2910 7474 1948 3379 6547 
296 5840 212 1054 6455 7425 4568 4099 9204 1598 2225 2475 6737 1375 9301 8130 259 
297 3613 1302 6541 147 280 7185 1626 945 3202 8245 3240 5869 5715 
298 1365 8944 5214 6053 6381 9602 3746 1180 7718 9743 9835 4970 8722 3303 4923 
299 3077 2688 1716 8041 293 946 3682 9554 7261 8520 5126 9733 2327 1299 1668 
300 7155 7026 7253 2296 5393 9809 7193 6522 5580 8288 243 8186 3812 780 1710 3936 321 
301 6039 4558 7901 7404 7980 711 639 9146 5015 3565 7029 687 847 9244 
302 6022 2545 3442 297 4417 7967 6492 7635 7841 1734 5347 5437 8140 3781 6296 5451 7517 1625 
303 2527 2900 1210 8984 5789 6345 4118 500 3963 8858 8487 7684 
304 8198 2911 9403 8958 1291 4915 2430 5547 8794 5676 7797 8568 5520 5504 6260 7314 2533 6428 7782 2 
305 2976 3284 5418 8944 5568 3096 8434 6886 5749 7173 2595 5762 
306 6766 147 7545 6851 3614 2614 6299 4158 1571 1978 5523 3728 
307 3668 9568 7424 649 7042 5781 7340 4296 8021 1607 2175 4901 2121 
308 4703 5757 7362 725 1307 7556 5786 9294 2531 1722 4612 4619 2962 
309 2952 8953 8000 9646 6340 6776 8810 895 27 240 
310 3318 4292 6211 1581 7682 1309 421 1757 1551 7847 3095 7762 
311 7942 1202 2824 9001 4763 7215 2071 2614 6188 7048 7153 
312 2689 362 8705 8234 2278 8960 6005 5652 8789 3934 3408 7852 2240 3074 
313 9867 0 3104 5589 7131 5331 2256 2169 2457 6615 1785 5554 1840 6134 3537 8140 7949 2 
314 663 4938 919 5045 6437 1835 7298 2859 8090 9700 3140 1541 5859 8352 9139 
315 7271 6005 3390 5606 3418 1171 5853 8170 1657 1139 3012 
316 4588 7309 8211 4594 8295 6329 7289 9993 9604 8067 2759 1577 441 9834 6020 2340 5412 
317 3723 9184 1639 4393 5864 1379 5563 9471 6705 3724 8614 7525 8387 8711 2 
318 1071 1978 5789 6770 8624 62 9761 7523 8921 1509 2426 7013 4501 4901 
319 6397 8069 2575 3746 7736 9823 8672 2582 3715 4840 3285 88 8023 374 
320 3983 442 2684 7965 1456 9808 7603 1164 788 3987 2580 7713 2962 
321 6540 3153 4421 7426 7164 3229 6183 7843 8410 2296 206 7023 4901 2240 7153 
322 144 3015 5947 5780 480 5166 5630 4797 1431 8625 5394 3064 574 9409 5193 4626 183 935 
323 7255 503 9420 9415 6439 1639 8597 2234 9711 8987 376 3053 3830 
324 3537 8581 301 7171 2622 4981 4761 4051 7947 2278 8982 847 1984 2240 
325 8899 2479 2548 2236 8147 8913 5764 5161 8674 6625 2583 6903 9199 
326 2308 2483 996 302 8424 8413 5509 6952 539 5151 6888 2150 745 7438 
327 7543 7641 5943 6492 8586 3454 8276 2850 9954 4532 5182 9348 5446 3006 79 
328 6017 2602 3171 3846 7879 2148 5829 7234 3714 7001 9244 
329 3980 5537 6656 1678 66 1663 1078 5825 947 2191 3427 4855 5715 
330 6694 7121 7937 4216 8298 8175 5007 7414 5456 7969 105 8387 
331 7847 5389 9263 8195 7693 5873 1695 7972 1925 8057 9130 3267 8451 7219 745 2 
332 6158 7843 1399 2506 4185 178 4287 8455 9178 9990 6101 5880 2288 
333 5558 153 1481 4210 4578 8935 3594 7090 8779 84 6008 4463 238 9007 
334 9098 2186 2469 4186 7986 9475 155 2161 537 4857 5216 9007 79 
335 9068 7351 2173 5078 7409 8732 4270 8647 6105 6507 5447 6511 6778 1299 450 
336 1100 3118 8435 1026 2658 7741 8469 838 2187 8280 1625 8920 3885 2 8125 
337 3442 172 3888 5414 7763 3019 9131 367 
338 2787 451 4004 1647 8049 7913 865 4786 8588 3739 7965 4478 3664 734 5447 9688 9483 
339 6085 9458 7859 6717 5153 735 1078 5680 91 1364 8358 838 79 
340 2465 670 2272 5534 5024 4328 3591 7734 9295 9241 5702 7296 
341 2603 4225 8118 9637 6934 6959 588 243 6170 6535 2536 2872 6547 
342 9397 7697 7157 4010 8851 5242 9085 8898 5582 2296 822 7037 8470 
343 3973 9199 7963 6626 2008 9657 2788 3870 6389 4097 1423 7688 9255 3012 1328 3032 9533 
344 8023 5675 7885 4291 9312 6713 3573 3277 4901 3762 476 1246 
345 3655 2357 2300 3286 8040 8115 2450 5757 3708 3163 5715 
346 741 8143 6063 6607 5158 1000 8260 7543 8337 9374 2240 
347 1115 2290 8152 6253 7360 1316 3249 9079 9510 7606 8188 6049 7434 7240 
348 9859 7248 3610 3907 8594 4562 4665 5049 877 7377 6467 7219 
349 9242 7741 6413 4522 8303 8774 9189 1006 538 
350 9377 5093 1379 8461 632 5686 1574 5809 4448 4054 3835 4035 
351 8742 3722 5387 8864 1685 1288 8136 7206 9776 1394 2815 1740 3681 513 1176 9968 427 
352 7472 3979 3501 1108 3227 335 578 8882 8460 9968 6621 955 2768 9533 
353 3737 2987 6762 8882 8167 1694 828 3209 5317 6758 2061 2485 3697 399 4199 4314 
354 827 3594 4974 8718 5163 5660 2000 1620 1693 7681 8331 5402 2927 5962 9930 4985 5715 
355 3609 7459 2485 153 4510 2628 3628 166 4059 9292 1007 8495 3586 3012 2962 
356 8389 78 5863 2442 2004 7909 4151 2083 6780 5556 917 3784 7713 4326 8125 
357 3586 1408 3017 4553 7274 2325 2825 4597 318 8786 5194 412 1429 979 
358 196 6964 3961 5036 96 3824 1044 5466 3542 7827 6447 1571 
359 6893 2125 8964 6558 8308 7413 8480 1577 8850 9243 416 5228 6695 2085 8644 5248 7949 
360 5925 5235 2089 2130 4585 544 6018 6195 1311 4159 6030 5897 2760 8307 6270 9129 2904 
361 7418 9791 5503 9768 2044 847 9108 1765 9140 4761 3758 
362 9266 3353 1294 142 4394 7721 7591 265 8659 7762 6938 
363 4223 4508 1540 5540 4071 9529 5779 3657 8258 5960 1981 1705 7162 9834 8212 6101 
364 1646 7347 9317 8972 89 1236 6133 4998 524 3486 7772 1882 1091 2634 8130 
365 8076 9437 5093 1902 4439 348 4496 882 6082 9533 
366 2764 889 8609 9210 1657 8445 1070 115 6273 6691 8675 4577 7350 3320 4457 9545 9075 2962 
367 4445 8881 2251 7912 8781 5611 9862 2939 7775 9405 5706 1534 4988 9270 5340 
368 2424 5105 83 6587 263 8004 7322 7738 2688 4668 
369 4693 7695 2338 4032 8464 720 3784 2155 9362 1431 9675 9259 3543 5880 2643 
370 8863 3891 5419 3873 9905 29 510 2780 3748 8522 541 7429 
371 9106 1789 2823 7962 5836 5143 1574 9626 5776 1317 600 4121 1299 4913 2407 
372 8109 7560 8739 2745 70 7591 10 7318 2005 6175 2176 7304 4140 4257 5379 6523 
373 5306 9238 8443 3604 196 1710 1851 7974 8138 4237 7087 8390 4624 9075 1299 8125 
374 6130 694 1682 860 961 4015 6845 1717 4426 2803 9241 3837 4176 5445 
375 2712 7308 8032 7231 1297 3793 6872 7625 220 3048 
376 4172 9087 5679 4401 7513 3851 5054 9871 2851 9407 9389 8419 6953 4148 
377 8501 650 4721 8734 4671 1443 1586 8319 4620 398 4849 7606 3012 
378 6050 3420 8257 3287 1451 1510 4265 1626 8617 6546 5434 1405 454 4988 447 
379 814 5626 1316 2778 8410 2603 4736 5693 218 493 3720 6718 5677 
380 6470 5285 1565 3014 233 7603 9233 5310 3747 3794 2611 6889 979 
381 639 798 227 3404 1562 4382 7174 919 3438 1046 2460 3877 761 3836 321 8994 
382 5697 9215 6925 1327 6905 3829 5100 7247 165 7899 8943 1212 7542 6672 3074 
383 8767 7136 9544 7353 4675 4128 4662 2013 5672 4308 2500 3035 2818 2182 3113 7883 5458 79 
384 1407 8014 7239 9706 734 8297 3125 8051 8416 6437 8587 9370 7327 4558 3158 3836 935 
385 8483 9209 413 7680 8106 3536 6823 4659 6231 1150 1134 575 1763 3877 
386 3978 147 6507 2823 5391 8073 8743 6908 2126 8934 1287 935 6613 
387 5429 5469 16 8722 9933 4402 1650 2834 9068 3580 1548 97 1761 2673 267 1042 3012 
388 612 4577 3701 457 20 8249 331 8253 7784 2458 6054 2962 
389 8033 8588 9368 5144 3536 7345 8975 3038 273 7889 321 
390 4544 958 1304 5523 3076 9052 5065 7111 4808 5141 9760 2875 2128 
391 4994 7740 707 5690 686 3476 5560 6720 3074 1854 1423 6824 1195 9137 7251 7110 9580 4326 
392 4696 7218 8384 8275 2392 605 7269 2164 9637 4599 8747 6616 3119 5386 1343 
393 7752 1670 8558 3921 3997 2291 1754 3785 5710 5244 4994 6092 7629 2867 2 
394 2406 7956 7338 2143 8650 8117 7730 8388 9537 3764 1226 9230 4786 
395 2032 4865 3152 550 4387 4801 1081 2485 1861 3963 5400 8743 4289 5189 7352 1940 3926 1383 5962 321 
396 7843 3256 5220 4431 573 972 6626 783 5396 8523 2649 3714 7240 9968 
397 5450 3588 5816 4716 3563 2077 884 7697 265 7779 4809 8894 4170 3836 
398 4071 2960 3283 5256 9864 2837 2221 3600 8241 3210 2288 
399 5365 6526 117 1309 6637 8029 1436 4851 1537 2152 1301 3422 8989 3184 427 935 
400 323 5097 6594 2037 8629 814 9064 6568 1841 9414 9655 4307 9057 4340 7652 
401 8281 7543 5008 6201 7426 4271 5017 7025 9928 479 3363 9453 
402 4835 5235 4178 3048 5102 3279 4752 9320 3193 720 4470 2858 2100 1871 2155 1984 4901 9244 
403 7620 7690 5345 9450 4356 9959 1890 7965 701 5083 2744 7044 8644 2986 9533 
404 7299 1176 5636 8615 458 5686 8627 8562 1028 1348 2868 5400 9215 7762 
405 8295 5011 8665 6287 329 5515 8004 7945 8276 2885 5783 79 
406 2017 5342 9279 2621 1361 7198 9094 818 5861 7465 8471 3216 347 4400 7997 1668 
407 1052 8973 7401 4806 8476 3846 1771 1824 3745 3242 517 8671 8994 9007 
408 2031 6317 1558 7288 2365 4769 9960 2576 7459 3397 7296 
409 7155 8404 3626 3634 1467 8780 8511 3279 6176 6295 5175 
410 7330 5620 6035 7560 2491 1220 9266 7484 6062 9245 1437 5023 9050 3936 
411 5679 3977 7218 1982 4955 9833 8630 3037 9547 6390 4909 3074 
412 2596 3031 8375 7902 930 662 7353 2737 5754 9666 210 6144 3735 4461 638 7133 4531 5962 
413 3761 8685 9607 8617 1689 6471 4557 7075 9059 3523 8698 709 4870 9075 
414 4218 1939 624 2462 5229 2381 3778 5392 3693 8554 7762 
415 8555 312 133 1458 2915 436 4191 7603 5373 9537 1303 9968 5869 2555 
416 7852 8056 1280 5705 4619 724 4475 7784 9532 4867 1319 9138 3982 
417 9292 1257 1623 2930 5292 3518 3827 3416 8216 7117 8361 8904 5628 5232 9283 139 2685 3048 3877 935 8994 
418 5503 936 4434 4829 7223 3463 4166 7235 8743 366 2458 989 5445 4855 
419 5825 4088 3158 3310 530 29 3971 4825 5468 3125 412 
420 5607 1098 568 442 2189 3791 8175 3867 9590 8887 1668 
421 2852 5155 4014 2212 1632 1238 1242 6221 8742 191 6511 4431 7470 3251 6102 4528 6986 
422 9728 8952 888 4887 9524 7754 3351 4910 9577 5884 9758 3936 
423 7234 8122 8295 4757 3097 6665 8957 9196 44 6516 9397 8272 3538 1822 199 2113 4985 5869 3074 2962 
424 1308 4195 8230 6055 9196 2958 5121 2530 6899 6961 9370 5547 7713 3304 3232 2240 
425 8938 2684 9451 7797 8904 4252 84 8954 9247 6196 4280 9028 5287 1348 5185 1881 7968 2962 
426 7713 7791 5956 5081 3415 6611 7078 675 3896 9882 8741 4569 4982 9348 6692 
427 5649 392 4995 2459 1336 8628 6722 6444 1881 7755 1937 4437 6554 6134 2962 
428 5686 6015 9366 6480 6273 5808 3848 3611 7525 2773 4108 1454 7949 
429 8387 7927 8973 2256 5258 9588 8399 1259 4029 6461 984 5991 2986 2643 
430 7177 2005 4779 3130 3525 3172 9725 6402 2386 3973 5587 6351 79 5762 6547 
431 8186 1735 4483 7340 1630 8779 8714 2437 9129 1668 
432 9507 6793 7389 6563 4182 4791 915 4172 2059 6616 7929 7426 5643 7699 7438 
433 6364 4295 2475 7086 5407 5208 7467 1226 6434 9239 3853 2499 2229 6515 9060 1071 5639 9598 5898 3982 3885 2288 
434 3822 6893 7197 1151 4195 9159 6103 4243 529 421 9206 2760 850 5446 3074 979 
435 8400 8550 7685 5462 8011 1602 5741 9648 5099 8306 847 4558 7659 3113 4314 3894 
436 953 5365 3724 9798 4555 5933 7561 491 894 315 4797 1430 3012 
437 5085 7463 7807 1398 8278 2055 9558 9657 193 5596 7279 3991 8193 8462 8716 
438 1416 5948 3749 2544 1137 2504 7770 8216 9161 2028 9816 4855 
439 6969 247 262 8517 6422 9622 7353 679 2673 2030 7598 8293 
440 9525 9330 4405 2327 2925 6723 5730 8145 516 8803 5661 5614 2985 6895 4624 8248 3584 4176 6613 
441 1818 8113 2805 4089 9137 6609 4736 5503 9445 7544 7155 7185 2986 
442 7317 757 6119 3153 9722 5231 3959 1044 4086 6547 9592 8081 4674 7167 6095 88 979 4035 
443 9079 6832 4913 3783 7540 5350 7859 5022 4464 141 9459 8649 9533 2264 79 321 
444 8462 8992 6414 8399 9315 5429 4390 8520 1889 9262 8014 1285 136 3012 
445 8162 9203 6179 503 1902 1195 2798 9604 7525 2536 9487 1243 5504 5138 259 7652 
446 3314 1248 9067 1441 3280 7536 4821 4034 4243 8015 55 5795 6370 7522 3561 3316 1809 9931 5326 5437 
447 1198 320 296 6457 3821 9181 3147 2770 429 7170 6549 9993 
448 2341 4084 660 9650 9126 3886 1672 5181 2351 387 4364 6503 6028 
449 9167 8461 6502 3813 6069 3622 5146 5085 9134 4942 5400 2169 6465 3230 5005 76 2555 
450 8909 6507 1181 9895 7556 5961 809 8173 9060 2120 5209 6176 9004 1668 
451 5075 4064 7567 9148 9229 8061 4891 4328 2872 2904 105 3885 7153 
452 2707 8872 9583 4984 250 1682 7893 9365 2623 9093 3015 4444 5880 6115 7713 3840 5509 7234 7296 979 
453 344 2730 1342 9440 7675 4310 3392 9372 3031 3506 395 4693 6115 1476 3371 8994 
454 2727 7776 5883 2006 1819 716 7279 6119 5748 5715 
455 2107 6642 9326 2790 3501 1554 5179 8084 5531 2572 107 5661 5964 2240 321 
456 6659 2000 7489 5359 9711 142 5401 9800 4596 4899 8942 6663 1798 618 7147 4020 
457 9812 8595 5901 9986 7187 7362 4143 1865 7761 9445 9871 267 4071 9139 
458 6518 8208 3324 7567 9930 9094 7221 2754 7371 2655 5230 8814 6547 79 7652 
459 2606 3394 4580 62 7801 5275 5734 6078 5662 2715 5043 8722 6534 
460 4663 7611 1059 4340 7775 8600 913 7883 3195 3018 4795 338 242 8728 7880 6613 79 
461 6577 2127 273 2963 9818 661 3193 6357 4588 4997 2962 
462 129 7790 3765 3727 2194 6818 4301 140 6309 7318 8948 9627 9842 5801 9968 
463 2694 3727 5880 2371 5492 9655 4485 151 9482 2539 3691 2871 4189 4501 7977 6608 7153 
464 7339 8075 2500 5533 8806 9690 4039 6241 9352 8776 4442 
465 3112 4649 6517 2147 3973 9429 8526 2133 1670 8236 6445 6698 2192 9573 
466 8140 9967 8516 5796 9797 6275 8980 8060 3744 9342 4822 2101 2206 8116 1134 
467 3716 9988 1191 9458 8279 6478 844 4304 7391 4386 6459 9545 2288 
468 8090 4996 5230 6686 6896 4253 3829 9828 4279 2499 131 8671 5880 
469 3277 5296 2119 8467 7228 1040 3667 8831 5917 6260 2699 6876 2183 1800 
470 5156 9440 3121 9683 5442 6763 8413 7363 1574 6056 4077 7698 6937 7443 552 9301 3376 1668 
471 7239 8707 8604 4688 1637 9420 2417 4752 1424 8458 5192 4778 9224 6054 3074 
472 7600 3749 9417 652 8075 3928 7430 8287 3739 286 1134 8387 7949 7153 
473 6764 7231 3211 27 3122 8357 7112 844 640 6187 
474 3286 6343 6202 9566 5277 6144 5499 9641 6961 2462 773 3404 574 6054 745 3074 
475 2553 5739 6323 6076 2225 6213 72 2703 3041 8272 321 
476 1576 9694 5342 3518 1924 616 4214 1930 7329 3037 7469 8150 5219 
477 5929 7069 1281 1757 4837 6231 2188 8960 4123 5941 1834 8275 444 3830 
478 3349 4814 3288 2401 7635 4907 2829 2093 5679 7713 5677 9463 2196 3521 8498 2327 9467 5307 7699 1668 
479 3128 2279 6880 205 7991 3812 1625 6378 5025 901 885 4456 6835 8683 5880 
480 5522 7362 5433 9521 9305 3660 9366 3412 810 354 5637 9036 8005 3012 2288 
481 4422 6205 1136 7306 9954 2082 2844 2037 6809 6863 8977 8918 643 7736 
482 9791 964 1475 3987 2215 4646 9675 5266 8261 7558 5117 5885 8005 5219 
483 4739 1047 6691 9587 1218 3504 2953 6370 4561 4569 8684 6959 9595 7088 3758 
484 798 7299 7907 380 5179 4667 7503 5322 8092 138 5485 2286 9522 4045 4123 1686 7240 5445 
485 9123 1946 5862 9274 8831 7118 6452 1628 360 4103 4906 4801 2 
486 1457 5152 1992 3299 6745 4830 9482 8081 5966 339 7815 2192 
487 7205 8758 2224 9395 7627 912 7197 6783 833 5375 6743 3377 7413 7806 9483 6153 9842 
488 2055 2764 6019 5997 3097 4755 136 137 6065 7218 956 9566 9664 8491 4282 7880 1246 3261 79 
489 1847 1942 7904 5555 2228 7197 7500 3887 1448 5604 2068 6762 4093 9640 876 9600 745 
490 7617 1352 6429 9389 8264 5610 9355 6401 5013 6349 1613 6482 5748 
491 2856 3787 259 2956 5023 4490 1450 4183 7289 3672 4963 6924 3351 1542 9968 2327 
492 2571 3942 2796 1945 2860 9654 5958 8211 2256 291 1604 5257 7569 4965 4326 9139 7120 
493 4903 5818 9233 5656 2514 9888 5153 9326 5148 9931 2279 3240 7659 321 
494 792 4642 8140 174 493 3605 4041 421 2420 7155 9224 321 
495 8949 8430 2547 999 8818 9526 1409 2227 5840 2666 7153 
496 9262 9154 2297 4174 7134 2981 4523 7484 4763 3672 8491 4855 
497 5865 9711 3541 4924 6752 1677 6666 6315 2872 731 1072 3587 5567 9834 3937 3865 6538 6258 1668 
498 4703 2983 2730 1606 3895 3392 670 6501 211 6506 2313 2614 874 6404 2240 
499 9897 6653 7116 6132 3900 322 1435 2138 1916 9702 2175 935 9374 