100
0 7739 7142 8402 3463 4507 6090 9852 2499 8862 3321 6661 2813 8948 5995 4731 8000 2246 2524 4586 4654 3550 2659 1880 2554 6394 819 2804 837 8795 1109 5257 6328 8801 3206 8474 6000 2080 4477 1061 5735 4100 2196 2653 2773 7629 2012 5651 1207 7322 6255 8782 2216 8188 4358 8042 4456 2994 5758 4361 6369 9410 9502 6101 2110 7426 7810 6078 8242 7165 805 4251 2218 8073 9097 238 4096 424 1024 4517 601 7623 294 6624 1826 568 1408 9296 205 6715 2310 4896 163 8115 8612 1216 4534 4567 8912 5490 3869 9021 6554 7596 6863 728 6960 9638 5913 234 1307 7948 
1 9736 6647 8367 9525 8758 6951 1504 434 3148 7572 7975 3278 2554 2696 8395 7533 3535 4962 2812 6224 4731 3127 5552 2254 3477 628 1544 6445 88 1921 3146 4567 8229 7644 6751 8485 3971 9752 6216 2376 9820 7739 7209 4876 2747 9810 2453 33 611 6886 3152 6093 787 1931 3056 9399 6299 7322 6919 9362 5562 9497 4408 4549 4149 6187 2437 7158 5828 9484 2916 1929 7345 3435 4688 2686 1636 6866 968 8286 9305 9537 9556 2110 1962 8183 3581 3074 9899 9779 8683 6518 2266 3666 9657 185 514 6799 
2 231 5868 9736 3080 4159 2641 98 4334 6710 7435 4483 6288 8461 5831 324 7373 9504 1769 1171 8877 7622 9396 4122 3995 7636 1174 4500 404 165 1960 8990 6150 1956 7889 7347 650 6955 7509 4292 3381 3036 748 6845 96 3417 2095 9791 8378 874 7549 4835 9521 7774 9474 1000 9123 5446 353 3117 8560 7804 178 1472 210 4486 5765 5131 2026 2365 1255 6451 2205 1414 7268 864 1656 26 8369 3479 8549 1382 2507 3853 5445 9704 110 1363 8310 560 59 1629 381 9975 7167 1905 8731 6036 2022 
3 6525 8768 231 6105 836 785 9717 8369 9570 3399 621 9051 1928 9220 7127 6409 5307 9124 5101 6269 886 9450 9184 5868 4229 972 272 4354 1477 5062 5220 8807 5479 334 8037 605 3401 1203 5876 6826 9218 9702 8370 5844 8551 6708 2164 1087 5732 3811 6593 5692 3413 6228 7379 5235 8563 7741 3410 575 4310 3291 2019 4960 3880 8371 4691 7096 1994 1139 7787 9241 2846 2073 6361 4502 1400 9159 7579 200 6215 742 1965 5376 9269 3601 3734 5070 5420 3820 6874 9153 4065 2731 7121 250 4887 6153 70 9636 3851 3778 4112 
4 5666 9402 4708 187 5386 4486 6428 6850 4115 4743 980 518 7533 5096 4349 6430 3739 465 3376 4215 2232 6525 8253 1899 9435 2420 8088 5796 6119 9166 8534 5118 2298 8331 5780 9311 8366 6235 9805 6466 1286 9184 1576 318 7198 741 571 9313 1891 1033 1701 5990 8429 3776 8402 7058 2818 4800 9820 8456 1887 392 2139 9615 7855 7584 3552 3102 8328 2146 5318 9888 1886 2888 5682 4314 7259 3351 8078 8319 4641 9036 1091 4583 4479 5501 5242 5363 5026 8515 5323 8068 7336 6950 
5 5597 7566 4551 7801 7756 617 1224 2361 5058 5666 6265 2538 3910 8033 7291 9439 3731 2644 9908 7283 1953 8878 4749 2355 7679 4180 3522 8766 7274 2611 8574 9636 247 8146 6772 8828 2175 5468 4128 4513 743 5527 621 9500 2992 453 6770 1665 1065 4562 203 9060 8755 5178 2757 7397 3951 2316 5634 8191 8004 891 964 9363 4544 4686 5794 3146 8284 8266 5590 4980 6692 9948 9028 3136 4589 7467 5971 7368 2597 8792 1116 5941 6317 2325 9177 3623 6711 9671 
6 696 6087 7035 9857 6010 6854 401 64 8006 512 2828 1730 4232 2307 5597 6671 9588 5989 3897 5525 9533 8346 7297 7690 2688 8547 8841 2 5211 626 1053 1731 1303 9936 5836 4777 9509 6421 1217 9975 8395 3076 1227 8155 8528 9087 9131 208 8677 5356 1676 5954 9677 4022 9973 5824 2842 6479 233 5946 2404 2978 3139 5654 731 5061 7301 6049 1718 2256 4612 5880 2888 3631 2147 6101 206 6289 9082 9971 8433 5893 9408 5520 3444 654 7101 3321 4236 4274 4416 3956 2858 
7 6051 2411 9768 1098 9087 2515 6153 705 2638 4071 4617 9925 4179 9803 9249 2912 8381 9752 8652 639 775 1506 3995 4596 9703 1025 3835 6115 3438 3851 5885 2216 7500 8027 2810 8429 8670 1635 9084 3391 3858 7098 9557 2770 9442 4393 1708 1146 1976 3992 1235 8140 2005 2190 2710 6058 9843 1624 6527 663 1896 2563 2951 2226 4066 4385 2425 2125 6125 7897 2211 5633 9485 4632 2492 653 916 5954 7490 4654 3249 9407 4605 4005 1579 7277 2338 9057 7226 6011 14 2537 5576 41 9570 3897 4593 8849 8627 3239 8273 4848 5183 6110 8965 
8 5391 2877 8029 2382 6051 2433 7222 7384 618 4460 6018 6674 4288 8384 8588 3351 8872 1999 5584 8598 7864 5009 2392 917 3961 5195 6484 5723 3387 8654 6399 1475 1205 3460 8416 661 5804 1806 9947 1321 7599 4298 6440 4881 1151 6532 5374 4707 8014 7579 1235 793 9380 1031 9761 1876 9780 4268 5520 6989 897 8272 1774 1437 4385 3763 2878 5560 8170 234 3178 8209 7822 611 1095 5644 7424 7597 9333 7861 8741 9620 8988 8801 1547 3366 3139 2455 9437 7507 6249 4135 8378 9597 306 792 8035 9286 6813 
9 9062 6909 6398 7679 3281 388 648 7756 552 8777 115 5971 8894 6103 4048 6629 4446 7388 4711 7995 6235 5144 8843 4360 1601 1417 830 9845 5328 4532 5888 1505 6690 9841 3356 2587 2836 3214 3372 710 2701 7365 4842 564 8499 5837 3968 8069 7285 2157 2237 6997 412 9564 2390 3726 6647 4813 7784 6948 677 3058 4391 9961 5731 8409 6068 4683 898 6744 7110 8937 181 5988 3278 5385 9888 8609 9904 9166 1593 4816 8411 9708 1361 2886 1731 1872 3257 4760 8898 4007 7086 6913 4962 3905 7903 6910 7174 3631 5416 768 860 5932 5694 547 
10 5783 5541 3058 6628 7883 8595 674 8730 396 6597 1219 2256 8823 8317 9923 4070 9895 9378 5707 3573 769 4364 4172 9357 4678 9492 6547 6016 3386 3662 3991 580 5203 9734 2314 2974 3022 9661 1282 7494 8052 4548 4162 9580 9777 1818 7530 6943 4882 8955 4984 4774 7016 1670 5669 7752 9062 9083 3059 7108 4252 993 657 7324 4011 1747 469 6214 3201 8188 7119 28 1767 9349 421 717 1077 4839 3921 2255 9613 4413 8136 4562 374 7001 357 2768 6519 8049 2727 6477 7489 1854 3715 3753 5909 220 4334 
11 6799 7045 5964 8379 8478 7035 6667 3504 1141 1431 2940 9920 6422 8657 2163 6329 3968 9338 5719 5069 5953 4038 1852 1114 8849 5202 8602 6497 8921 2152 7116 5035 5591 6919 47 6836 6612 5072 2984 2355 1523 2956 7115 9200 9677 9107 5206 8376 4316 3171 1304 2114 4607 8809 5796 9073 6502 3651 9169 5537 5914 6488 5338 7548 3235 2095 2302 2623 4448 1445 1024 2241 6214 999 1504 1075 6163 6180 9209 3936 1735 1249 1281 4866 8098 9696 8508 1581 4551 9048 8097 650 980 5746 3547 8187 1754 9091 2740 1950 9096 
12 6822 316 5492 2244 6854 2815 1929 3617 9045 2177 2631 3071 8791 3359 3949 1288 1423 3421 9514 4761 1768 6799 1097 8358 4131 2678 4581 5812 1645 4834 4814 1043 5200 739 6605 7081 2025 7360 845 6026 4287 2785 5752 8317 2500 6433 8119 6372 7614 1468 7673 5770 9750 3477 9097 3470 3272 465 2831 7863 4770 5515 2434 2516 9081 3975 4072 190 9987 4854 3640 672 6962 9436 162 7646 1748 922 228 3507 8382 6849 5391 8818 4935 6356 6124 4965 4684 706 
13 6102 5767 3924 105 7773 8866 630 9250 7452 9717 1268 9303 4298 5557 4343 9356 1783 1367 7008 1343 8257 2351 7235 3106 192 207 8156 5387 741 4497 8048 1632 9095 9080 1341 1025 708 6872 9141 2491 8111 9104 1528 9093 3543 1805 8033 2671 7488 9740 9458 7281 5329 6545 3213 7763 7368 6186 2025 3687 9934 2160 8215 7495 890 9576 4667 6495 8911 3923 927 6914 1346 4968 9958 4676 3442 4074 736 4889 3856 5223 356 522 6154 5435 837 6339 248 8517 4355 6112 4357 6146 5809 9545 5976 9243 5870 8635 857 
14 8786 4714 1117 3215 4404 2406 9425 2646 575 2593 2015 691 2079 4891 3264 4930 3831 5589 4375 7944 5196 5710 9957 8922 3045 7206 9630 6320 2201 5451 7268 3384 9125 3471 9060 7856 6075 3761 2453 5444 4853 8616 2181 4599 2407 8286 752 5188 8732 7424 1566 2718 710 8748 8662 839 9112 1285 4227 6816 8406 2744 1508 3025 5796 9048 9591 6445 6285 3029 6080 7965 5849 1255 8041 1367 6089 8203 4192 8076 4125 3530 7808 1412 2944 205 8860 4324 5747 3323 405 9980 
15 9824 593 2478 6984 587 1187 8640 9996 4518 2913 8962 9193 4511 8131 9952 3997 6043 147 6688 1794 8957 9562 7072 3958 1367 7274 2563 9403 1138 7490 2938 1983 7261 2309 8064 7620 6290 4690 1079 4972 4247 6919 5826 5646 2283 499 5505 4875 5356 9772 4977 6010 9105 1783 7650 9073 7633 6583 84 6743 1065 90 1738 7100 3954 1100 1776 7790 2431 5553 9355 1917 7383 5670 8130 1929 2485 5643 9238 6651 5640 8719 703 5086 1611 4328 2773 5600 4379 1747 8417 
16 3832 3604 4338 2505 7052 5668 1976 5018 4308 2871 3234 9741 6266 7208 1851 6256 3247 5574 5000 8568 5041 2563 7838 4654 2168 7995 1429 1320 5509 2802 4001 4147 5249 4911 4938 8423 1310 7302 477 4049 7727 6761 3579 2596 704 7233 2467 7941 2003 2764 7660 6895 6020 2561 2192 9000 6062 7733 6232 9676 5077 2459 1689 380 5306 9600 9396 5944 2254 5686 7859 3554 7519 4804 4137 9171 5485 1011 5943 6871 1505 104 508 8655 8408 1142 4389 436 7889 3097 6899 8316 840 2725 6632 2318 6402 863 1712 9832 5969 4737 9021 4586 2679 7463 1292 9981 3120 4476 9829 8168 5296 1912 
17 6404 5280 907 4016 7631 9560 3884 3026 5210 7377 3867 2839 8612 2004 8499 211 2024 844 4281 1410 3123 6135 798 9457 3381 594 3507 7902 6024 1770 7062 2658 5741 5572 9486 5909 1876 7065 637 6384 5829 5833 5194 110 7748 3780 559 2648 3678 3255 7391 8905 4128 4741 4306 5778 8719 6648 2557 8975 1550 1864 8845 8436 4887 6697 3946 859 2642 633 3726 6675 5305 2308 9272 6703 5532 1946 8130 5766 3861 8252 2001 5480 5955 8580 3276 4155 6969 4928 6773 9655 7255 6108 7485 9485 3766 1296 6857 7420 6391 2409 
18 6404 8222 3958 1316 9176 1106 8279 7864 904 4411 1382 5874 3058 6717 7329 2473 4022 6486 958 5898 3876 1775 7947 915 7620 126 1053 5326 5168 3529 4105 9248 7069 1227 5793 4287 7134 8010 6294 9491 2564 1304 8956 6934 7758 7207 4184 8284 7733 9369 275 3562 858 1099 6446 485 448 7752 2337 4042 658 3093 9500 4462 1012 2515 5722 8044 9449 9585 3019 2736 5483 8562 4738 5676 9638 8250 955 7105 2776 5782 5622 2541 4565 1363 8907 9421 3049 174 6031 9863 4331 1432 825 1235 3133 5297 5134 2199 910 5881 652 7409 1353 8272 1033 1177 1638 
19 6791 737 7991 465 4301 5413 4532 9401 2673 4926 7877 1030 9321 6866 1833 2170 922 2078 9450 1350 6002 9605 2566 6661 7736 695 2293 7634 9038 1638 7681 6241 7886 358 7538 2918 9936 7458 8006 7853 2633 6274 4737 7237 3365 1100 8046 3806 3386 9028 5385 3349 4993 6076 90 2853 3258 1854 6157 1411 2911 8948 9291 5476 4577 2501 1378 3298 219 8988 8250 4975 9296 7381 8554 9727 8232 1007 8431 9111 4013 8225 1787 3733 1977 3814 4631 8039 4689 6049 9943 2691 3203 4071 78 5195 5722 4147 3536 7111 8242 8572 5398 5869 
20 2478 9557 2813 8279 5091 8936 6498 6245 1495 6693 5961 4144 3827 1352 997 9843 9891 8975 2242 1577 6284 879 2461 4279 8310 7601 178 1516 2683 9953 1967 5386 4447 7801 7789 3347 9206 8425 9826 4788 4954 3297 2842 9610 5039 7765 5235 9815 3075 4728 1465 34 615 6923 3843 816 957 5436 6666 4304 8759 3706 7307 2603 8861 9448 972 122 8653 8337 8920 5376 5018 4610 8511 9367 709 8631 4467 6189 6015 1344 3072 133 8289 2528 6675 6246 3853 9 9444 718 1399 9411 8676 170 1694 9876 5972 
21 42 4268 8882 6298 719 8793 5266 6489 6670 8920 4793 5245 8405 2079 5006 7571 310 2478 8077 829 6407 8746 9844 5783 3806 1870 7092 9475 1381 8726 1722 2141 3879 1922 6242 4872 3497 681 623 529 2077 7352 6277 2467 3444 1348 8720 7474 1462 2816 1665 2858 2460 5062 8101 3520 2959 8039 8404 4674 3901 6251 7592 5326 4747 2066 4826 4840 4560 3406 2573 9664 8650 9176 2690 7933 5354 266 9686 406 1318 883 9859 3214 8349 8295 885 9326 7395 5494 7014 3333 8618 8798 4366 2841 5453 3971 8376 9119 823 2114 851 9693 7028 6144 
22 4667 9773 4250 5625 5186 1505 3911 3402 4319 6047 173 5200 2463 9196 3912 1604 5872 7201 9392 3592 4153 2616 4147 1459 6778 1156 1682 5520 9279 1967 7427 4362 8656 4691 2510 1024 4021 5368 2250 4827 4115 2370 6621 4816 9826 9671 4686 69 2532 6288 679 6286 5106 2416 5057 116 9896 7133 5619 9108 8383 9361 1685 4393 4836 205 5712 9949 8947 1857 3186 9065 9326 3066 2280 5387 2356 2431 4672 9931 5570 8486 6562 2048 3744 7545 7023 4657 5611 5313 8745 55 6099 3881 7312 3228 5530 4592 2981 4112 
23 3911 5057 6251 3674 9081 195 773 5565 2969 6457 3179 3749 8972 7967 2059 8844 3958 2025 8961 3838 1526 7240 1053 1515 1454 3144 5944 4742 9863 2084 7099 7512 8567 5217 4149 9567 9115 2156 6731 1247 4960 975 1624 3157 8366 2778 4788 7401 2338 658 6926 6246 4953 6609 3250 2184 6662 7837 1545 9797 6294 573 5538 9920 3567 4316 8087 5160 5563 9149 7004 9076 1036 5754 8773 1927 3599 4486 9732 2947 4617 6416 3831 2247 8524 3945 1719 6086 6217 1433 680 8338 9368 4787 3170 4057 3783 4569 9095 770 
24 5496 7836 2464 6086 8852 959 4069 7000 571 713 5414 9948 6434 615 9826 7372 7515 8665 1040 4152 2300 3854 6423 6398 6867 3451 4324 4446 1857 1992 9487 4579 884 6653 6830 9611 5119 7781 8104 640 5042 559 5336 5562 8537 2707 4905 7550 8830 4718 1221 7229 4704 9713 1431 5425 6824 8765 5392 6500 7663 9657 2969 6080 4487 6884 9227 4383 5258 6584 2941 4521 9911 424 8432 3745 6484 2733 2743 1114 7765 8565 5030 3514 7704 7373 482 9232 5087 5753 6472 1749 7158 8606 460 1566 2287 5566 6975 375 6767 16 4499 5996 
25 8506 9659 8504 9752 4209 7263 1747 3751 6784 3184 7101 3938 5696 1796 7523 2607 5690 7476 2996 6636 7554 914 2093 7685 5825 6361 3218 5295 8163 5451 6501 549 6391 7452 2963 3798 7273 6373 4490 4810 5565 6126 7750 8181 3586 3168 7762 8168 7683 333 6902 7555 34 9506 8151 820 5096 3325 5989 7027 5291 9031 3813 5831 4907 7345 1624 9877 9149 6950 6123 7431 8426 5456 7995 5632 7069 1339 2009 5115 7422 581 1487 7090 105 3775 143 7298 8861 9619 383 1754 5037 25 7937 5953 5589 4165 7974 7620 8888 1830 4366 
26 4766 7033 7544 6131 3041 9623 3219 544 8044 8109 9742 1204 293 454 176 7710 3455 2177 3612 3688 9121 3963 5361 2077 7872 7772 8244 7151 6978 9850 7634 3109 3640 1286 2665 1127 1034 6596 6334 8016 4278 47 4341 4768 7377 7681 4096 7609 7693 8414 2707 6040 721 8767 7927 5329 7409 7123 3051 244 5212 7669 4623 123 1399 7887 4785 841 8940 1094 2640 3258 275 7896 762 885 7719 4329 8223 8825 7241 9091 8521 8650 7337 1868 7505 6605 6801 9105 9250 6491 820 9276 9727 8510 3343 5454 5436 
27 4660 9325 9607 6915 6402 7930 5440 5690 1200 5596 5726 7070 4049 6742 8002 7733 421 8611 9040 2872 1323 9229 7841 7910 3930 674 811 6987 156 1276 8067 8240 9663 3612 1541 9562 817 257 8973 5340 5675 8415 5742 4814 280 6524 2602 5065 2172 9065 8456 4542 4034 9052 6836 1989 1139 9114 9455 6418 4662 3952 4042 6140 6339 5942 7410 1423 8745 517 9962 2857 9289 1558 31 3922 1038 8282 4888 2122 1495 3649 9979 2684 5021 8390 9491 540 5883 4519 4970 5903 6504 4766 4100 8098 6960 9406 1312 7390 7600 416 2551 8876 5211 7879 6688 7532 9309 3488 1757 7872 7322 3075 2149 6828 
28 7343 1502 2106 4617 7160 5062 7752 6929 6668 4174 350 1850 232 4505 4256 5215 4831 2391 2275 470 1690 116 2915 3747 5167 5136 9215 3946 3873 7507 4779 3898 6605 754 1010 2524 7950 4204 6416 6809 6578 5566 1003 4660 4811 9275 1521 9169 2808 6861 8763 1663 252 6832 4871 9643 8953 4620 3253 8405 408 6856 8083 4311 750 5940 5992 9564 5069 5031 3472 9515 2838 1697 8527 9475 8135 2219 1126 5557 747 8608 4925 6625 2317 2698 1926 7021 772 8437 8441 7276 265 
29 8652 2656 8547 1274 7794 7645 7968 1159 4591 1918 837 6836 8203 1342 33 7562 190 4098 2742 4224 215 3224 7203 6052 8135 5185 4081 949 7998 7225 5411 1877 9540 2286 8722 1353 1923 9425 7287 1816 77 2756 8291 3582 5266 2172 1717 5075 5402 9494 7981 818 8987 3896 1514 7343 1449 7426 6628 3840 7902 7414 9068 9051 9779 6031 9998 9354 9070 2114 912 2815 4488 5161 9637 3020 2832 3884 2823 2857 2957 8837 6302 2526 8040 9062 2060 748 2356 2545 5320 3821 2620 5058 7317 1552 4085 3180 4107 2800 4948 
30 1679 5595 3898 5291 2207 2944 8861 6007 6098 1814 7185 1537 8517 8385 4987 4961 1492 3971 8589 3694 2870 2686 3472 4211 9507 5796 1817 2090 8951 9846 8152 4387 118 5682 4390 7197 7810 4730 7079 1208 2566 6048 8455 1217 6647 6486 556 8529 7701 4150 689 3333 7477 346 287 3847 9797 2670 2722 5529 7233 4179 2476 5117 8491 3757 6432 5193 5713 696 5801 6208 1665 5528 5222 8014 8924 8774 2999 1894 4511 9650 5307 5642 9373 9383 1813 5437 4553 9222 9110 7112 6757 4214 9295 1931 2294 9385 6720 1256 3601 4428 5508 2714 3498 1364 9691 9769 3858 
31 4203 2018 6423 4849 6422 4037 9769 6323 4134 4187 4962 2417 4806 4670 5917 5383 1423 1284 4012 8738 5791 5214 4363 7282 7755 9387 6789 2937 2723 5567 6758 4665 6195 1573 6515 5413 1802 830 6279 2978 1767 1182 6793 351 3987 8977 1501 4603 7811 7015 5089 43 4438 2295 6215 7682 7717 3492 4912 8223 2709 5967 8627 4955 7147 376 1640 1679 3504 3182 2430 8793 5832 9343 9935 5807 8837 2589 2895 171 148 5137 7848 6218 8459 8269 3706 8823 2755 7257 7766 517 5020 7317 1845 5522 3605 8905 5661 2391 1545 5529 7012 7638 6261 9246 
32 9089 1775 872 7247 9265 633 3744 1832 8413 773 4722 6831 1551 5330 8860 1382 9430 7012 9529 5640 911 8268 3112 1042 2778 8752 7827 8737 9771 5418 7408 2460 8136 6063 7265 5345 5055 7796 3113 9682 4804 4488 2049 8056 31 7647 126 5639 4028 504 897 3451 2030 4711 3014 9327 5159 875 8624 240 9926 706 6685 2961 3471 2360 5430 2264 6591 3595 5772 6858 3543 5183 487 6296 8906 6509 2756 8802 6837 382 1541 3239 845 5551 3620 9703 5116 3915 9218 7317 1698 3833 9735 1487 4325 5012 626 800 1352 4912 1463 7159 6424 7151 7465 5099 
33 7654 5943 1145 4124 5681 1238 2133 8450 8769 9258 3763 6061 8712 133 4649 2787 4928 347 6677 1641 6443 3163 239 6016 4767 3527 3496 6471 3696 4766 4841 7855 7783 2452 2047 6017 8164 3317 325 7324 4025 7356 9089 872 2681 4834 8468 1747 618 2321 7025 7591 7283 3168 7723 8763 533 3716 8358 6160 8785 1775 9922 4032 2078 7683 3186 7266 9319 8546 8863 7506 9760 5427 3289 6486 5586 3540 3185 322 6133 589 2804 3200 1559 5843 5653 452 5733 5854 8809 3106 9294 8259 4672 9428 
34 7896 6986 3998 7791 6101 4145 782 2132 5364 4216 5468 9435 5042 4353 1544 2574 7475 6651 5410 7848 4285 2661 7588 2519 2402 4270 1366 8811 8110 1080 5355 3205 542 5456 6434 5150 1004 5742 6249 6209 7502 7671 2406 3293 800 2893 436 4259 7814 1561 2793 9320 6033 8152 6937 7105 3308 5826 7423 5958 541 4137 3896 3749 5917 7138 52 5345 6734 2164 6039 4517 4393 6154 6263 316 4189 9968 2874 8671 4539 9364 1821 1365 5350 4516 8281 7647 7953 3655 6998 6555 745 4901 992 1883 324 5425 9655 306 3519 3968 8066 9580 5476 6103 4323 6876 
35 9189 8333 8263 9312 5215 2147 3263 1909 3795 1849 8991 3821 8584 8015 2297 1286 8947 1743 3614 2061 6339 3934 5542 6909 3139 3973 5936 1689 6581 3629 8369 2669 4379 3736 1186 6638 5310 4935 3061 2678 5943 8488 7818 6068 410 4077 5343 4934 2805 9425 2751 8660 8417 415 8218 59 7226 7760 1794 9664 1652 5634 6512 4009 705 7622 3998 6902 7093 297 6393 7367 5362 1668 7744 1735 1670 7352 2532 8192 7213 9158 5838 9930 2013 7511 2467 2853 7609 178 6118 3302 5957 6276 6361 
36 244 8687 479 7824 4039 380 7437 8751 7376 106 4549 5067 4599 4814 9677 2777 1350 1788 4033 7908 8761 2063 2243 468 2821 4851 71 9090 2372 7891 3742 5254 4580 8385 4714 9334 6019 6646 6901 8810 1336 5937 8014 237 9139 9788 4199 1473 2858 514 6681 797 6873 5398 7830 4202 8925 4881 8695 3344 2735 855 9423 7776 7448 1993 9719 4130 1472 5361 1141 4253 3511 3293 9794 9538 6425 2927 7480 745 5475 6890 2396 2240 3832 9451 7983 1035 3913 7154 6556 3096 1655 6319 7146 6995 8571 9721 5699 9909 2329 7565 3972 4681 9744 
37 6712 8045 3839 1359 6173 8276 5770 3978 6708 4656 2206 7797 6169 2467 5325 8089 6441 6476 9781 1876 6159 3078 458 5380 2055 9018 6724 5619 5409 8732 6666 2022 7109 437 7886 8615 68 1453 6661 8504 8967 4421 7272 9586 4455 2655 580 1191 7361 332 6816 3574 7795 2264 7159 6351 7683 5036 7577 3735 2307 1057 7686 8244 5548 8639 4592 2266 156 5326 4279 9486 8838 6512 1286 3490 8432 3972 6075 9836 9655 7698 924 7405 8768 2016 4259 2676 2331 5002 6690 4227 7589 9913 2579 1269 6773 2412 8501 7536 721 4893 9626 5421 
38 639 5617 2933 4113 9097 995 9342 1503 6587 3471 7247 3691 59 8987 4432 9782 1449 353 9987 3692 9414 4133 7011 1892 931 4210 9420 4467 8780 133 3856 5695 8740 1639 1574 9953 5110 8374 6347 2159 6998 5930 2074 8435 9751 9763 9961 4823 8911 984 7438 7084 526 7700 6125 852 4933 2279 7124 9056 9864 6089 6908 6580 9637 7533 9146 8466 2872 3590 1072 7224 7182 8450 5469 8461 736 8361 1622 9816 8963 9263 7536 8060 2993 1452 9956 223 2774 9762 9114 1687 8682 5171 5800 1605 2828 5084 5335 8752 3014 7303 8172 5093 3986 4469 7204 9745 4345 4196 7089 5481 5099 
39 5696 4180 5535 6100 7005 5542 5263 164 6308 2633 2842 1340 1681 431 5481 8583 1350 3358 1602 7373 3318 8287 7041 3514 4852 5011 5448 6627 6422 1721 8815 3025 7593 1356 1011 3483 7823 4923 6816 2211 1501 5837 1371 9113 3632 9184 2436 4792 6994 5883 6514 7072 774 9225 6047 3126 7252 1865 3762 3531 4922 253 3563 9067 2348 309 5249 3817 1177 9920 7424 3364 3362 5336 8520 9544 5622 2617 6738 8042 2921 5673 4213 5217 5917 2609 8968 1021 4916 
40 5696 1511 1236 5910 2510 8048 4811 6433 299 1826 2176 6332 1380 3526 3152 4895 7246 4230 1042 9598 5626 2934 8555 1565 6939 7359 3837 4841 824 9078 6412 9966 9068 226 4436 3833 3619 3750 4997 7281 3973 5419 1002 956 8860 9190 1553 1126 2347 6757 216 7303 1497 8648 6199 102 5044 6146 9629 3827 9151 4695 2877 6553 2648 3662 7771 9474 3037 303 4636 8952 5574 6218 1305 3736 4896 4003 9104 8388 8410 3450 2457 518 4604 3244 4602 414 7944 7920 7847 2358 1456 6456 2597 9631 4785 
41 3019 6252 9463 9546 5833 6088 340 2536 5272 8495 4428 2630 2784 9725 4156 4926 3820 2479 3716 2826 131 8573 6963 9945 1730 6040 7088 7610 7429 9386 5662 7987 8441 9541 2769 3194 9269 3095 4876 7557 2207 6797 6757 6712 6701 3429 6144 5549 6421 9937 4685 3111 9122 8730 9142 5143 4147 728 6732 2880 5546 1794 2427 9479 3756 4821 4736 9245 2461 6495 4801 3015 746 1839 3224 4402 3741 1888 637 8871 9309 5005 1448 5691 3021 336 9395 3960 8103 2782 1413 6958 6721 6724 9617 7187 8144 
42 7959 7384 6955 1451 8390 4482 4211 7011 5709 7289 9890 9991 6364 9765 2031 9544 1138 4283 9204 6086 1321 3019 6799 8609 1065 5665 3744 649 5455 5876 9155 2299 5743 6670 448 4687 6273 8775 3556 293 8291 4905 2479 5386 2361 8759 4733 3244 6230 4043 6565 350 345 6491 6313 3667 9516 5031 9396 9113 5860 2068 1890 3677 2584 203 4457 9268 6924 1027 1584 1063 3519 369 8052 3712 4118 1053 2144 2422 7417 8068 1635 4421 4083 3791 4803 5453 6635 6648 3953 8743 1351 7071 2643 8924 
43 2444 3036 8617 3134 7893 1430 4525 8679 5429 7900 85 8288 8406 2147 5047 9134 1221 2288 9006 3609 4178 4612 9053 6102 979 6482 718 2179 8769 3887 6655 178 591 7609 8180 4818 2926 2536 4764 4866 7437 8530 5070 4271 7065 5507 6537 4987 8130 9061 6785 712 631 7959 5359 908 7630 1898 4061 5469 7732 7997 5997 9511 6346 6996 6995 1709 1771 2023 5212 8897 940 8606 6277 8903 3415 3588 3573 9202 4464 3388 5595 4735 5933 4450 8204 1220 3392 8453 3820 
44 6930 8776 5402 5399 3775 3036 4119 3955 8008 8984 4675 3318 6043 9397 974 5481 9523 2446 1397 7410 1517 2259 2730 3 5583 4450 3714 2737 28 2884 1261 7914 6571 1535 5036 3440 2871 3793 1847 442 6999 3315 4710 1640 2534 4707 6477 5241 4736 3895 1909 3285 8376 8736 5567 6574 926 5539 8152 2950 1979 574 6214 6858 8599 5710 3875 9179 1887 7990 5607 8527 5332 6517 1632 1833 2019 7436 1142 740 7215 2983 391 3417 1158 4922 8600 4910 9823 9730 1648 4106 2881 4375 6975 4382 6815 5594 4852 1197 4068 8311 4260 7079 976 
45 6930 6371 5141 5968 2157 3871 2657 9221 876 5761 3578 8078 8776 1614 3339 5537 9787 3876 183 2584 2116 9191 6803 5266 4000 1212 108 8457 2258 5083 2432 6843 8041 9815 6989 2225 5206 2274 3110 8500 373 7813 3753 9861 3573 4943 9441 7765 1757 1322 4522 6867 3401 6487 6954 767 8064 3993 2441 4054 7124 5072 7101 7418 6673 9831 3095 2306 6065 932 5509 8226 4681 3810 757 4439 6812 6818 9755 2355 5903 9145 3489 8909 9781 2036 9458 4398 1405 5647 8389 5187 5816 4409 4780 4256 8878 1597 2298 9624 254 7951 7950 9718 4634 8274 3914 3575 994 4799 4475 346 
46 1983 9053 4573 8178 3126 3481 9814 5308 3019 8542 6072 6128 880 3964 6392 4505 8699 4059 5359 4081 6038 434 6047 3514 4525 5342 585 371 8010 657 227 6767 1375 894 7040 6930 5877 2901 5519 6769 7826 3909 3897 8607 307 340 2562 1486 9148 700 3325 5509 9073 1252 6973 7458 7025 773 1014 1745 4602 3461 9055 3428 5890 5390 9437 2444 5917 887 9210 1416 7551 995 3900 2979 1171 3257 711 18 8357 438 9149 7021 7050 1713 727 2767 4631 2454 6742 3954 9789 3934 1658 82 3300 3516 2240 4355 6470 
47 7782 8838 1370 1983 2146 675 6685 6728 1434 1537 6275 6590 2523 8597 759 1126 3974 3685 3688 6445 2343 2519 4719 1491 5883 8056 6140 5825 614 5610 4031 9641 969 2038 6022 6902 8902 2656 2810 7423 1648 4856 2710 9924 789 6118 2600 2534 8359 4257 7076 5317 9041 6724 9929 9606 6260 2298 4000 4786 326 8039 8282 3019 214 5124 4030 8196 2474 5062 6379 6659 1612 8320 7418 9245 4492 9075 595 399 5639 6343 9505 1203 3081 8796 7773 9619 8847 6915 3626 6536 2668 8293 7704 9038 7916 157 2783 8315 
48 6755 6763 8694 3077 9226 7700 9352 5115 362 42 4843 2980 4627 6825 9453 2218 2965 1472 2469 5673 9498 485 9690 769 3708 5752 7174 8090 7474 9854 2751 6500 3309 7512 504 9557 7269 6266 8830 9536 3952 9885 8985 506 1285 5401 7040 5857 3283 1609 274 2639 5555 8900 6461 1001 8611 2309 596 4268 555 4619 9533 7454 3949 2197 9180 9752 3378 2926 662 2663 333 3658 5130 5783 9755 7164 8139 5711 8765 1132 8065 5317 4515 2392 6598 5880 4650 7058 6501 6591 2148 8911 5606 6821 6104 3867 
49 1915 6650 5833 7612 5838 1808 7254 5725 1546 4655 9977 7801 7459 3153 496 3251 387 6984 5903 6156 5359 7182 9408 2029 2948 1404 3996 3514 4344 488 728 324 4281 127 5441 998 1853 3254 5175 7952 1564 7549 4596 6144 6777 2982 826 2337 4626 1700 2213 3235 9718 2789 1727 1126 2453 6165 4224 3517 6900 9220 1048 9802 2481 8089 9151 1166 2951 8960 9532 6093 6083 4983 3080 7322 1675 5915 4819 9957 7666 7107 5643 9590 597 8521 8215 419 9606 4760 5714 4165 2415 3167 1810 
50 3399 2475 4090 9246 4093 4631 3975 8992 1611 7553 8350 5735 6774 6272 9893 3856 1189 2225 8009 3395 6849 6264 4369 4834 3965 6522 8393 7371 520 1820 1915 1271 5761 9442 6405 6232 556 589 2165 7438 7918 4558 2993 8815 944 4091 7728 1549 7637 6501 8030 9756 3128 1455 6060 8312 5119 892 9101 9164 7302 9423 5444 5515 8577 8169 9186 9754 2477 6588 8499 5543 2992 3651 7244 8983 5281 3993 4872 4894 2898 1801 5288 5255 2123 2174 4901 6427 451 1261 2347 1614 3721 4271 968 8361 8723 9942 6081 4899 4424 751 1397 526 4198 
51 5099 5280 7066 8303 6578 1542 7545 2632 81 3973 9487 776 612 2048 4308 936 8769 1775 9794 1265 7954 8229 4110 5123 8067 8375 6801 8400 1899 4492 3217 97 8898 7972 814 57 8391 8188 1150 573 4176 7740 4536 258 7048 9046 9884 4884 2619 6162 729 4509 3336 4023 9868 4119 9384 9925 7485 5681 7532 6357 2932 4413 5540 9224 3667 1683 1343 7837 8461 422 1203 1176 5896 272 6231 1028 3370 603 2895 7098 8510 9233 2734 5652 5121 3387 4521 1557 4188 6607 7444 6541 5927 7536 5695 8048 9353 5311 3848 313 
52 9762 4748 5966 986 2215 3448 4758 4006 9683 8450 4327 5682 7299 5795 7628 1970 1457 1159 3463 4875 5061 7261 9168 4812 5544 262 5041 847 3427 4531 1808 6278 4840 1509 5887 6238 3396 2729 4825 9460 6490 2016 3284 992 5512 8207 4900 4648 5905 610 6589 729 8893 4841 6894 4436 1077 5344 4203 9701 1383 998 4893 2931 1816 611 5763 4695 6095 2078 9938 5374 5070 9383 2556 9306 8427 1223 2513 1760 4136 7599 5708 7607 8360 9302 4890 8033 6442 6408 1518 2304 448 9766 891 958 7930 8976 5305 7161 3667 6812 4609 547 
53 3436 9471 6014 5260 9365 7103 4616 5288 3809 1369 7766 2513 4497 7989 5331 1644 2727 1213 6797 6863 5190 574 8096 8745 6416 4450 3266 1400 561 3930 6470 4298 443 6202 8719 9762 1671 8904 5172 5351 6763 3950 8061 6323 1958 3379 6814 8 4970 9118 2849 7113 5149 6056 9100 5909 296 5528 8776 7555 1798 1929 7535 7493 6728 9894 1745 9923 5654 47 5140 5324 3339 5160 580 5495 9817 8404 7956 346 6281 2336 4379 9121 8780 3711 8543 3519 7420 2563 8740 2782 6506 8980 350 4400 9504 4674 8022 5789 663 9546 2289 8413 5901 7382 6092 3396 9773 160 1106 9505 
54 6103 3674 6228 5199 9462 6074 5369 7231 1163 6500 8075 140 1297 1427 2970 3501 8835 5623 449 2453 4620 3541 293 1021 5838 9527 3108 3657 2379 8895 8577 3436 7829 6631 6340 9348 1467 7472 884 3082 2205 3372 2247 9780 4826 3140 6844 4966 4938 7511 8754 3278 6886 4174 6333 5070 547 543 3188 7409 1439 2289 6397 2949 5674 3120 9857 1099 8571 4682 1738 6891 8437 4359 271 6088 8924 6754 4790 2015 2803 2315 7173 87 5846 9711 4681 2770 6442 42 3192 1910 3267 4009 9964 7145 8880 8063 4038 5317 36 359 5072 6610 312 8452 2448 5982 6179 
55 8730 3809 3079 7221 7824 9068 6103 7387 5369 3058 4334 1086 1514 9134 9395 8250 3126 671 1232 2595 3670 2160 1468 8723 5660 6156 2343 2603 8714 741 9333 7629 226 9378 4755 4495 2092 6376 9572 1743 2388 8100 1008 2005 7254 6583 1662 44 4153 407 5844 3438 8849 8550 8347 8403 8798 6731 7701 1000 6895 481 5618 7316 7760 3443 2991 6889 7396 7557 3038 2831 3747 4700 9371 3988 9917 7663 4522 8931 5518 3970 820 301 6692 3258 3365 9289 5207 6799 1722 3341 7921 6900 8634 5793 9366 620 9646 332 2532 5916 
56 6622 8704 5106 8468 8711 8775 8730 542 9972 2821 6368 3207 815 5636 2510 7472 2169 394 9664 8672 3944 3533 8772 6607 7174 4132 647 4641 8166 4663 3068 1858 6070 2570 2245 1731 1706 1623 4675 2535 888 4144 6960 1283 637 8072 5100 7103 8689 7959 7488 1012 2537 1528 5097 7714 7565 6333 2220 8875 9096 2392 1110 3095 8312 1923 4535 4559 232 4649 731 5508 5149 8311 2263 2742 9037 8802 5528 8478 5247 2672 537 7384 2619 8455 147 8198 8145 3075 1442 6175 2234 7855 5849 9580 2367 2723 8707 7690 5155 5474 6199 3352 5519 2121 
57 7638 8997 6136 3720 886 5406 9950 5086 2946 9314 2831 6797 1527 501 3130 7479 6628 43 7759 7718 4569 1135 9144 330 1617 4622 9237 4017 8757 4810 9890 1647 2352 1865 218 9191 3737 4667 4928 6722 8641 1995 578 9379 2139 6622 8714 4290 1851 3881 4909 5390 6235 2673 4732 3618 9005 3191 552 620 7698 861 3197 985 1183 3304 9579 3658 9819 4117 5711 76 4818 9117 5509 3657 3329 64 5496 2580 4552 610 139 3496 9130 8789 6913 7946 3766 1298 6506 6388 2992 7854 722 5647 6124 5429 9666 
58 6939 864 3500 1363 6908 4224 9320 3850 7067 9182 951 367 7902 7695 2972 9392 2794 7531 3809 6071 8157 7679 8221 2923 9583 5233 1438 4124 6652 4670 4261 83 7511 389 4265 1270 1051 2552 7638 1873 4938 7689 4433 3116 6745 9246 850 4186 943 6520 2675 3534 8986 1072 7644 8633 1280 9722 3489 650 4311 6505 6179 8711 344 137 6565 9499 7828 7896 5211 4671 5734 8334 683 4334 8923 2173 2335 5463 991 1678 8786 331 1225 3341 7972 8827 7288 8947 9260 7458 5181 836 6504 8961 7747 7483 7647 617 5426 1683 3719 1767 6457 
59 2996 6161 4833 4521 7223 192 340 4959 8290 8642 3117 2 8077 9026 9019 5611 8673 9189 400 7368 3662 7104 7707 2953 2100 8792 7090 118 65 7929 6939 8430 6713 9858 8117 3037 8279 9345 6457 7489 8560 7479 7640 5805 4572 8080 7129 1013 5916 2077 7962 569 5453 5056 1438 5957 999 1475 1591 4945 8940 7660 7514 4417 5920 2936 5721 8368 8816 981 3209 7552 2088 4171 5168 4200 3460 5525 5055 8710 3693 7084 2774 7973 709 3648 4853 7435 2463 419 1858 2907 6072 8601 4178 3297 6444 126 1623 8040 8856 841 9216 6402 3314 
60 4967 2314 9038 7539 2038 7323 8297 9211 1758 7024 9473 3171 9311 3016 6898 2681 6250 9459 9009 7976 7463 7034 1770 6862 3292 6814 9210 9887 7189 5543 4891 3641 3745 7184 2161 2627 652 6531 8857 7908 2746 4163 7707 7969 4842 2040 6963 6683 9498 2925 3624 348 2060 8367 9669 1537 2048 3484 4928 2752 2996 9253 4316 6690 1348 1693 5699 6709 1930 2528 7857 5027 2950 3732 9836 3475 2797 1593 3009 8158 7167 5354 1630 3811 7758 9548 280 3087 2638 3586 917 3122 7861 5096 5427 225 1701 4221 8916 9697 
61 1891 9598 9573 4330 9623 6069 4967 2578 4205 6266 837 4994 8414 2679 9832 7292 4345 4369 8958 5957 4194 5117 6451 9990 9645 3883 9047 347 8011 2695 9734 3185 5151 2730 1268 9822 9121 9430 9809 2904 1322 7222 3091 6359 5306 9187 5563 1459 4177 6822 3545 627 4709 9881 5483 1622 3548 9893 230 6237 3004 9321 9144 1224 9080 3542 1199 7841 1560 676 185 6373 7146 3752 8053 4630 409 6404 3948 2799 2205 8537 1857 8189 6316 3816 158 4908 8791 9012 5148 5195 2867 6635 5695 4092 1863 5132 1670 4426 3536 
62 5925 8859 2841 6234 423 9598 4323 4998 1891 2089 5198 4678 1941 3598 2683 8191 211 3340 2807 8584 8067 7084 4790 6081 3242 1112 8733 7030 8823 2464 3611 1583 826 6623 4108 6820 7090 1610 1471 2116 7513 5891 1151 1204 1261 8847 4399 2316 3896 3804 6382 4911 6170 8324 3871 7561 9428 6888 8615 5 454 5006 8668 3818 5196 5806 688 7104 9973 4464 8112 2369 785 2208 4024 3081 3243 8906 6291 4395 5427 130 7409 3589 6053 2921 5810 6114 8049 8683 5101 8086 2363 7228 7166 4628 8981 7000 8282 9083 5643 9497 
63 7886 154 1439 3970 1063 9337 6190 3496 9920 2865 4351 7488 2982 3047 5327 3435 7402 6438 320 7315 9757 8564 1023 4019 9788 3006 4938 3062 8257 4380 5355 5701 5501 8245 24 6657 5116 856 5511 1737 9873 1081 9552 7457 1631 9930 8683 7697 9793 8127 1735 6443 8915 4189 1775 8554 4314 7515 5224 321 8531 9668 567 7983 5366 5061 5998 8667 329 79 8699 8585 4479 3223 7963 1455 3810 7168 9329 3309 3108 1398 7925 3697 5475 2944 872 5281 6078 3451 440 6214 9243 2499 357 9479 4926 1252 2231 4713 4112 
64 6979 9148 1882 7431 2548 3478 5299 8915 4341 6518 6485 9537 8258 6905 6810 3002 7741 4734 9306 8702 8810 9714 7609 9595 6095 183 4519 1699 8530 5148 3819 1939 7339 9857 7207 9218 5414 1358 3065 6493 9985 2971 8482 4771 4816 4587 2846 3672 6216 2180 3566 4455 1133 734 1399 3859 2113 8485 6176 9286 9926 8013 1759 5338 8509 6562 7929 1227 5230 8352 8526 8475 8135 4773 9356 6386 6220 6960 5434 5691 6492 2518 2624 8303 2495 1780 4458 4831 2049 75 307 7915 5193 1195 8361 428 5433 5957 7085 
65 9381 9516 7141 8685 8414 9825 3082 6041 7075 9738 7705 5749 8392 1670 1164 9312 5949 7675 7168 6376 1772 6906 5170 2682 1263 1918 7725 788 6614 3689 3141 5940 2537 4223 741 1080 2406 6313 6413 6247 8331 9668 6926 2729 7745 7765 1088 6709 9928 7288 5846 3561 4733 3399 3691 8224 6599 1789 9193 3010 1267 9679 4057 7670 850 3018 2719 3058 7339 9313 5948 1067 3922 6128 1316 7196 4626 1756 6311 5016 1694 4855 8609 88 406 5398 3883 2688 3151 2759 3501 8394 1872 8539 5134 3287 2291 615 5854 4362 6745 2426 1394 1586 7659 8457 6072 
66 5505 2962 149 5388 821 4729 215 4834 1501 689 6201 7928 9912 4334 50 4556 7409 4534 1700 8399 6868 1126 8276 4324 12 9394 3033 2906 7261 2413 6597 1869 2148 3868 483 977 1059 9381 2182 2110 115 369 5167 2043 3481 522 65 6440 2187 8509 6313 5040 6010 4899 2849 6390 699 3549 563 2527 578 7542 1124 6037 1503 4405 1536 3167 3548 7684 8048 2479 1785 8869 7899 6061 6952 5179 2256 5080 1456 1130 4572 8211 3595 2363 1553 1863 1455 1804 3946 9176 6682 8918 2394 1050 7373 1529 
67 5247 4723 3286 1112 9092 3464 2210 5912 8791 3599 8683 2754 8196 1249 3441 3007 2527 7599 2070 9976 199 8942 4250 4082 2351 4606 2934 1284 8854 9452 8883 8175 5905 327 4242 5859 3501 2511 372 7537 5962 6855 6677 5369 9140 6070 864 3520 6046 7054 7971 2761 8496 3789 1669 5189 7678 8134 1403 2043 9260 5514 6533 3402 1777 8632 3385 9718 4581 2022 8340 3152 4731 307 3134 8495 8351 2119 143 5765 7886 3258 9974 4610 7710 6450 1772 4386 931 4906 2435 4832 5821 7295 9162 8586 3299 3561 2288 5949 4961 
68 301 9685 2210 9617 249 1972 5414 2390 1109 7779 3085 4608 402 4500 6964 7551 228 8348 9851 2453 1167 4369 111 2333 4353 1600 9296 1855 7278 5638 1609 8680 5247 4098 1095 700 1278 9137 7534 7625 8947 7319 1531 2960 7916 7403 2066 8965 3939 7700 3013 6282 9563 464 9554 4023 5050 2166 6851 8656 6030 2172 6297 9449 1733 8425 5512 7721 3837 6835 5718 8878 4986 3611 3354 2154 7320 7733 5617 6390 2757 8663 3530 9654 4037 9397 4281 1782 3609 5159 2494 3305 1827 4715 8384 
69 5696 1190 4299 7463 2191 1583 9914 5244 6497 9930 2934 6219 3052 1103 370 9245 3550 2041 2182 1333 1554 3798 3570 3151 3667 9264 224 8260 1599 1035 3366 4330 6828 1075 9409 883 5321 6895 7712 5620 9211 6280 6049 8975 4186 6393 2785 4398 8638 1511 1911 1048 6736 5311 8037 7280 962 9918 1899 1918 4879 1094 935 1454 3560 3842 8912 3699 6491 9512 3751 312 3919 8041 2209 9239 3896 9398 5384 562 1619 1028 4463 1038 2155 1974 6006 178 5949 6113 6242 9878 9435 9721 7213 4422 5255 6273 2174 6589 8400 2372 1051 1980 6856 4206 
70 6551 2004 5275 3382 8261 4685 2278 1262 460 359 9340 4832 593 6365 2797 7654 456 7455 8552 1138 7769 3448 699 7313 1375 9338 192 4271 3006 2092 9008 6069 8793 4020 7239 7434 1502 9059 4808 2673 7811 3570 5889 7198 4713 4495 8023 1714 5388 6220 3128 4990 3798 134 8670 298 2450 865 3097 7893 3779 9420 9807 4830 6584 9154 4001 2963 4789 9291 6388 6265 3435 2276 5502 3572 1738 1566 7878 3070 1051 5589 553 9995 4341 7611 2246 2272 6610 3030 1206 6227 4573 8892 8472 1976 7357 8564 6399 8957 8561 
71 4661 9986 454 6928 8204 7289 6229 3150 3754 9363 9848 6551 4078 3348 9710 8726 1279 5981 4609 3159 3372 5240 9211 3700 5974 8038 7535 9909 5635 3187 257 7610 8836 1364 4299 5603 5661 5252 1497 8303 6649 6179 8800 5435 874 8734 2244 8922 7480 2461 9514 8727 608 4461 3509 1217 1078 2466 2025 3401 9724 4352 3272 3526 5923 1098 2865 5703 4840 8169 8132 4867 4812 3865 5810 7126 1656 6469 8863 9997 5613 1015 1819 8317 7060 9227 2519 3330 5684 5731 5433 4278 
72 5447 5289 266 5645 8903 5419 6602 5643 9440 5990 8730 200 5239 408 457 2503 5780 5174 4128 6064 2741 1949 9973 3008 3564 8231 7840 2724 2060 3969 1717 2984 2622 943 8038 7291 7540 2602 4661 1314 6208 6423 1437 338 6597 4967 4010 9776 4092 506 675 2573 3731 4142 3563 8075 1014 1745 5798 9184 3122 4928 4578 8556 1728 5987 2562 4822 5902 9577 4452 7352 6723 9419 892 4922 1078 3869 3470 7462 7332 1636 2448 7893 3552 1072 6200 7030 9428 835 8468 4714 5781 8844 5377 6081 7435 9665 6439 2598 2043 
73 9383 603 5099 7105 9406 9520 9946 9779 533 8266 7662 8806 7076 3010 622 6632 5235 7827 5676 2871 9861 5873 6270 6404 1734 8470 214 8921 5292 2153 1410 3533 3556 7603 3733 9222 5889 1101 4624 9806 2869 5323 4772 2276 8165 5706 8577 7557 3974 9021 8929 3782 7727 945 8561 5226 4219 5740 7176 6616 2304 4116 6829 9695 6777 5981 5536 9115 4393 8739 4855 7016 2992 1057 6677 7053 8019 6657 2400 4488 2645 7982 2688 377 5853 779 8951 5709 2566 6258 2804 7127 1198 2571 2832 3044 1166 8112 8438 8152 7492 6875 2083 9364 7589 9851 
74 8303 57 6162 8224 4419 3976 9159 4664 1463 6530 3446 9515 4231 1725 4018 9913 9893 3123 1262 352 3656 5423 1002 1482 9041 5310 1081 8305 164 2241 9479 4118 4252 1539 6437 6188 675 8351 9000 7143 8721 9964 6116 1955 1464 3828 4059 647 6256 5301 9895 1545 6872 3977 6463 8509 2738 1895 42 3106 586 4070 633 6917 8531 8462 7254 2438 7114 2285 453 625 6452 515 2864 7647 5387 6276 4322 5295 9318 3173 2167 1768 7738 1589 2812 5368 3391 3216 2368 9277 2074 44 9425 3745 8389 3648 6266 8003 5200 3679 360 
75 1668 2538 7588 6515 5658 9250 6178 9323 4347 3581 3934 735 233 9208 2765 2820 1798 2439 9895 2389 2228 5971 2917 9571 776 4594 6639 5702 3849 852 3532 665 3399 8477 3151 2368 1510 1927 2137 968 6418 740 1635 2253 695 5760 7281 4765 9727 1268 2262 9855 6907 9216 7482 1736 5637 8684 8659 8976 5973 7709 315 7595 154 3798 2560 1826 3890 6504 8857 1380 7700 2544 6397 2475 8269 6971 886 553 7931 9471 2014 6039 8289 3969 3562 7894 4179 8103 9823 1986 5080 5327 4945 3935 
76 2457 1560 7594 9549 9077 9154 9289 1327 6325 971 4176 6530 5401 1441 8719 3130 4254 6449 8051 6138 7673 7759 3262 1505 5878 8729 3607 4711 150 2628 9240 7279 334 8791 9429 1876 3171 2376 5464 5980 2955 6999 5976 8988 4255 2899 5904 5225 6992 5637 1764 5269 4417 4325 3559 7691 9016 6227 2109 1149 7748 2256 6906 3927 2011 9287 7132 7714 9789 176 3062 7892 4983 8580 4700 7825 1386 9167 6123 7395 7808 8189 7886 731 8037 3638 4728 392 1538 3745 4339 6515 8148 6697 1705 3146 8185 7641 3382 4596 2336 
77 8027 7403 9632 158 7197 1370 8473 1569 5410 556 8740 2399 4581 730 5525 6592 1051 4046 6503 9727 6288 1658 3206 4264 8613 3255 5849 4895 5110 1579 9153 8538 7578 230 3003 5977 9838 3180 4164 8455 2397 1887 8415 736 9304 2094 4787 6325 1016 5649 980 4929 2865 4944 8554 4768 4238 2699 688 726 6812 5333 8270 6426 8333 625 6574 2693 5491 1231 4606 845 7005 7533 5250 424 6586 9077 7001 8840 4864 42 7015 5769 5325 6666 4780 9640 3484 7063 2410 3119 2208 6348 699 2108 4569 2867 
78 8503 7571 8931 5657 6151 5361 6372 3224 7595 4665 7838 8104 2970 9040 5332 8625 7022 6716 9829 6260 7707 4584 3590 4872 1409 4015 2323 3488 9086 5406 3894 7040 9279 4934 9802 3034 1046 8144 9827 7461 3793 4734 7257 4090 4550 7971 784 9133 8833 319 6664 5095 3993 7674 8268 5554 7170 9455 865 364 2701 3259 3775 3501 6953 9572 1369 4977 2161 5756 7599 3495 7832 3240 70 6542 2515 617 9112 4730 9297 7211 9067 1522 6592 6657 7933 8431 1605 4810 8380 8258 6704 3041 905 992 3463 
79 7190 3083 8785 2217 4373 8359 9581 7985 4069 8915 1421 8528 2159 5244 8887 4130 3866 2690 7241 8962 3280 5872 3668 7346 6752 8947 5854 4269 7776 9548 9249 9216 7797 9288 9322 873 9803 7486 190 426 7164 1100 7234 396 7981 2669 4811 2790 4655 7630 6905 2646 5181 2221 8806 8271 2291 1491 8599 3276 8448 4392 8332 212 4515 5123 7094 7779 4940 4928 3323 1239 7134 8630 6538 3660 378 5103 1123 1612 2495 9981 7267 5943 2756 9200 2349 2350 1794 4175 1348 5063 7410 8698 5351 
80 5512 3755 9832 9021 2785 2654 2763 6065 6225 833 5801 3434 6612 8575 8282 5783 9041 8919 5017 9220 5529 6765 8960 3206 2335 1514 5503 533 4504 6477 7149 9565 6662 9097 88 2027 5799 3161 4111 2587 3786 9455 1941 6075 6081 9163 8625 2110 9299 167 3849 6475 7190 5675 7983 1966 3362 6034 1963 7037 8680 1001 9175 8108 2419 838 350 6460 3092 829 9232 1289 163 164 3919 252 8119 6405 7767 4034 8361 8509 977 135 9847 7926 8245 4321 6745 137 6736 6750 999 574 433 
81 2779 4423 5512 9976 5890 7919 5019 2421 1942 3004 2604 5831 3755 9992 2930 7612 6831 2125 8774 2579 9403 2035 7401 2697 6753 7350 5155 7140 5908 1469 2443 445 7103 3093 9071 8145 409 6389 5878 8008 1011 2901 2278 8381 8852 2244 4852 5419 226 9135 9438 9820 7657 7467 474 5212 7871 5665 9294 9381 6583 2146 4943 281 1106 2067 653 7146 9179 9370 4035 1441 3063 6816 3672 928 730 5130 3594 4365 1564 2047 1664 1694 8727 3486 8542 7216 5709 7703 2798 1582 5881 7585 6382 7516 8048 6690 7446 687 4468 2072 7034 555 18 6624 4226 9676 
82 8729 1173 7837 6808 760 5597 4202 8155 4083 8284 6738 1974 1143 2476 4423 4563 409 8063 2779 1246 8580 8931 8511 1239 759 7620 6235 4607 3349 5754 2807 9610 2204 7938 4344 863 3234 3735 4640 1327 8378 4128 6721 4743 4348 2659 9504 1525 3691 1349 2511 4804 7856 2499 3544 9721 4147 8800 5085 8834 6084 1590 6599 653 7419 10 3693 5435 4670 9328 5669 9461 573 4972 3189 6906 9513 2523 9452 2478 2 566 8910 1134 4592 7297 1713 1301 7953 8997 5839 8476 9017 8896 
83 8873 5780 3687 9168 4508 2210 2800 9634 1599 9725 2144 4698 2483 8449 2290 1351 3327 7506 2531 2549 9547 6430 6245 1593 3514 5610 9039 5761 8291 879 9075 1138 9064 7448 7429 4928 8729 4502 3760 9438 1548 5284 7709 7837 2743 9185 8798 7790 1710 8161 9878 7990 4293 9109 7687 9957 7977 9812 6231 6566 7887 8365 3258 1173 2329 5030 3665 248 293 8447 5260 9470 3872 9163 6666 335 4929 6802 6640 3654 5205 4352 4853 5513 7250 3375 3871 1106 5151 4295 2323 2081 8287 9856 4900 
84 9475 9382 8769 2202 4083 9995 4143 2602 2314 2600 6044 5163 9170 5102 2365 7432 3074 170 5079 5755 6333 2294 7353 6885 8829 3548 7122 3206 5579 2454 2462 568 4869 4690 6481 6477 2993 1339 3900 1171 1493 6375 8940 5619 6327 3545 3023 7303 5799 4566 8302 1952 3969 757 7607 6802 7417 1163 6694 3151 8067 1542 9120 6317 9200 8691 6038 7893 8869 2396 2158 8472 4423 8787 907 3719 7107 9054 602 6432 4516 9182 2420 6545 8945 2028 235 1321 324 8658 7493 6946 8825 9875 4919 1387 5396 9500 154 8871 4482 6958 2571 9470 2140 627 3380 735 5634 7475 469 7290 
85 2370 4870 6026 4168 6837 4354 8146 2698 5302 7761 712 1046 5438 1959 9820 8232 5483 2199 7416 8078 1993 1295 5926 1809 5155 2438 1957 2409 1519 6433 1527 4422 6982 3031 1541 8551 1690 6162 2263 144 5880 6140 1098 6080 544 9444 8179 8665 1392 5006 1589 6711 6543 4827 6814 6705 6342 9629 4249 5059 2155 5949 4121 580 6008 7259 8073 7320 6364 9610 1111 1881 8653 2200 3747 6147 9682 8323 5965 3694 8614 3012 8446 6135 6962 8205 897 5558 8001 86 1388 4670 2284 6576 4977 2244 4064 9103 1379 9979 7470 668 6117 72 3977 5955 
86 5666 2654 4530 6703 1903 1547 2342 5596 4564 6959 4854 1951 1756 295 5520 4057 6709 6652 4656 1134 5753 1068 8193 7679 5254 7260 8637 7036 7829 262 5401 3891 5790 2768 6762 9825 7263 2035 1613 7843 2318 628 100 7192 267 4855 4774 5381 481 8123 8352 7698 2713 9023 3085 4951 794 9560 2296 5587 7317 996 8393 4673 9792 7879 9435 3878 9977 2096 3450 9668 5653 7894 5637 6482 1976 8265 3873 5749 6550 709 3365 3995 8494 6654 9853 4558 
87 2656 5180 8394 813 3631 4656 3216 6715 4534 6281 3627 2723 1088 3207 2622 7619 4242 6705 3527 1748 4217 4340 8478 2619 3920 7587 3808 6343 6005 3000 5402 6319 9837 1362 9059 5176 9323 3878 7013 3165 4166 1030 2329 5040 9965 3003 8434 1993 4118 9724 5441 5418 1710 4240 3399 9545 551 8331 8889 2673 8713 2629 9242 6166 1262 7659 6952 572 887 6229 5415 6249 3257 6922 8080 3083 3292 8759 9644 456 2627 8357 4472 7614 9976 6551 2541 4655 9588 2849 8818 2952 6585 6037 284 1143 5184 634 1747 9297 
88 8510 7515 759 6458 8440 7383 2561 4027 54 2458 4153 9520 6095 2286 2656 4420 4847 1208 2070 4077 9244 5985 3443 4815 1494 1391 1521 1020 8145 8542 2996 9138 7902 3511 7655 459 7173 2487 2119 7702 3946 4089 1906 14 3593 8062 5703 7007 2843 2513 7214 1193 7986 3719 2821 5281 8961 8571 7185 708 7536 5103 8813 8016 6723 4453 2726 8714 8854 8076 8018 7980 3372 8353 9141 860 7712 7848 1198 8870 6899 3599 3102 5801 3979 8434 7437 6786 5695 1415 559 2033 7399 1617 8387 460 5334 8574 9215 6446 7728 9436 3789 8190 8195 4224 5989 31 1834 26 4604 102 56 3346 3129 5593 4962 
89 5168 9661 5268 155 8760 8913 4079 9030 5845 576 7649 3456 6296 4674 4628 5804 6996 1406 1675 9916 8496 4954 6167 3246 291 143 9838 6742 3602 7720 4704 5841 5912 9410 538 3245 3478 6091 4339 3465 6567 580 8291 3535 1600 9978 9313 485 5824 3623 9913 4670 9721 3020 6224 3852 1702 2610 9695 3790 5375 8493 4603 3705 7565 1452 4487 4273 9182 2564 1118 4618 2641 2045 6321 9705 8890 2037 7114 1539 7157 3525 9162 307 7889 3068 9380 4258 3034 2682 3234 3577 4085 8453 4118 2361 87 
90 2470 2457 3988 5374 6040 7790 2147 5572 1118 7842 2378 9924 9353 4814 7447 979 5026 9317 3788 2683 7005 8711 9375 5020 2755 5248 6524 835 5021 7854 500 3105 649 9661 5151 1272 2894 600 364 9425 7133 8263 4721 4263 283 1401 1209 9033 1668 5168 9733 2763 9060 5455 3399 6015 8466 7549 1834 563 3298 5463 2677 6638 424 281 5161 2709 7017 5583 6314 2126 9629 8334 3424 3730 4337 9017 7169 5579 4332 898 7020 6035 373 6435 6840 2680 7572 7855 6567 9793 5851 5189 7361 9583 8200 5666 
91 8631 9174 4662 3690 6088 2439 5952 2203 4463 7144 1957 6113 7891 5519 4572 1015 5718 6039 3936 9749 2605 6575 5682 1761 150 1502 1931 7928 8289 8077 8900 516 3817 4246 3539 2298 7286 43 629 6209 4264 5436 646 3298 9660 2856 7681 4111 7177 7718 1291 7129 2963 9404 1663 9297 6890 7784 5035 3301 7943 355 1379 7538 9071 8635 1561 1642 8157 9656 2272 9937 4787 9073 4738 4922 1644 3859 6980 4104 6054 8172 4880 588 8779 5965 2343 4754 8993 4508 6374 4155 7503 5185 8487 5084 8320 2773 7011 2059 4701 7068 2460 9665 
92 1918 1850 7843 8791 9964 5179 1854 9087 4356 2685 7993 7372 4917 3700 6368 5280 1825 4223 9424 3097 9054 1719 2199 8197 125 4013 2776 1126 1105 477 5582 253 9513 878 3682 5234 7330 669 6344 4366 416 6868 8150 1185 7576 9595 6002 8752 154 6166 4081 770 4816 8376 2392 3541 3379 8283 500 7300 2004 4311 3623 7009 3945 1978 7779 6260 9467 2582 6077 3129 1150 4394 1498 3242 8245 9113 3777 6116 3195 5752 4953 5581 2121 7411 7291 519 6946 3438 7664 3090 6358 9140 3960 8108 3789 983 5367 
93 9964 9463 1157 5341 6602 5359 9383 2696 9449 3899 1918 6416 671 5624 5452 7848 3461 1252 4005 911 7469 5687 1035 2321 407 4280 8758 9657 4851 6946 3020 7792 3529 3394 2126 320 802 9666 583 6011 736 5752 5023 4857 4497 8295 8785 7951 4257 4840 1654 1931 230 6235 2895 9622 9499 8409 2584 4491 2234 5617 9529 1534 1802 7588 4988 8707 9615 4869 3099 6936 6448 1525 1516 2095 6150 9192 4305 776 5945 6500 9649 6496 5249 1461 8526 8946 8871 1503 3458 8417 4122 4159 2082 4014 123 6927 5107 7483 5940 2649 
94 6738 8063 9792 4696 4175 4626 582 2726 2996 6796 4826 9688 3453 7792 6643 9964 6018 8180 1990 7144 5019 3358 7307 5171 5299 3111 4333 8948 1926 26 2104 7811 5280 4777 567 7798 476 6236 8345 5127 2949 2645 8506 4943 1785 4359 8583 8778 9259 5459 2312 621 8640 9552 1878 6719 2391 3865 9497 8792 2800 2343 9000 7925 5626 1700 4556 6283 9558 1622 1569 7518 5473 7303 9720 1080 4225 3623 6377 8087 3495 7146 8600 2397 3526 1204 9960 737 2265 9418 6083 7507 5300 
95 7386 8014 9106 5950 6686 5028 3008 1554 6971 6378 1351 7329 778 3009 8591 9195 7172 73 3338 2137 7755 5898 3325 2396 6738 6973 2904 1346 3030 7313 9244 7868 8432 6267 6079 2630 8511 4507 5954 1246 7070 3341 1809 6531 1656 289 584 3814 8310 8630 8361 8979 7819 5112 9924 6828 5718 3362 3549 9899 5130 1218 573 3976 1024 1846 6165 5280 5197 451 2848 8153 4921 3795 5813 9428 743 818 404 5591 1800 3482 7037 1761 2463 2512 7746 7598 6240 9309 34 2405 4516 7274 7186 4202 9505 1399 6111 
96 5707 1811 4510 3281 4580 1012 3608 9274 8980 4334 5386 4934 7425 162 515 9814 1548 6147 9734 3316 5530 2929 2131 3359 8074 6504 3873 683 2451 9088 9307 949 6279 245 653 867 1760 7211 6767 9753 9608 1792 4020 3152 5587 311 7870 1329 5552 1311 5136 4106 1018 9571 6590 6846 2453 9387 5896 1146 7997 9411 1943 5944 1823 3614 2349 5618 5992 7385 3349 6052 4614 2582 2178 185 844 873 9926 7123 2988 2140 640 4345 7192 8951 3116 708 3961 6744 4760 3933 3465 6038 6133 9110 9415 6618 3304 4784 3747 288 525 9780 
97 8614 2746 5647 642 7185 4391 4104 6782 1396 1007 2440 5662 8017 7538 2306 8522 4162 2722 6214 4084 916 1118 4615 8783 3575 6267 5707 7334 183 1898 2732 7685 6468 1986 9269 1759 1903 9116 1725 5388 6682 7775 2989 6575 4375 6421 2333 2749 5879 329 6638 6085 9971 908 2025 8625 6156 9728 3022 4185 7974 8040 986 6633 1791 7713 4634 8673 1036 7894 1150 4921 6679 9607 6761 9717 5695 1013 6744 2567 8957 541 6054 4953 9710 2495 9594 323 9122 8619 5397 6847 7281 1624 7939 9910 867 272 9076 8497 3533 
98 9056 6691 3479 3049 2205 7030 4020 2676 695 9381 455 6903 2392 9527 5729 5501 7838 1795 1048 8582 1489 8302 8441 1166 5456 6371 6811 8402 4668 8070 8257 1174 7106 2772 406 8203 9270 3955 7766 879 5985 412 4091 7739 5475 4347 8836 7864 8220 3273 221 3914 7036 4529 1894 4368 7601 7377 2635 1888 19 7580 3729 6096 3318 4454 2553 5103 5404 2806 5532 4096 3488 810 712 5483 793 4832 5081 6712 1153 3469 158 9873 5157 1566 579 5087 8155 3841 9656 7164 8609 566 9583 4118 3228 
99 4690 3681 2496 6133 9771 5348 8553 3121 8736 8406 7444 8258 4735 2167 2330 7142 1931 7777 7269 70 1958 5215 9298 3107 1390 9173 7573 1988 262 3696 753 3263 3833 6934 4201 9216 1878 8545 6005 8985 6314 321 2867 8924 2296 8278 8771 3251 5618 3369 9605 9263 155 8476 8581 8515 2771 4158 5840 1587 2299 1526 7608 5728 2185 1419 5388 7287 5303 6181 7113 7910 387 1895 8953 7176 6883 3915 4013 6271 3304 9169 3545 5489 6068 6327 6449 9700 5600 7153 4973 9837 3823 606 3958 7587 5230 5819 1781 