100
0 0 2 4 14 39 186 91 251 61 116 35 52 22 130 48 157 34 180 158 882 18 67 104 250 287 21 152 231 229 83 139 815 
1 0 1 2 3 4 5 6 7 9 26 12 10 14 22 15 13 19 8 17 41 11 65 88 85 75 37 25 40 50 76 24 52 21 54 126 6049 
2 0 1 2 3 5 4 6 9 11 10 8 13 7 17 23 12 16 36 24 47 54 21 15 32 27 18 14 97 39 26 102 34 69 29 28 252 155 1495 3244 1502 
3 3 4 5 13 8 19 58 59 75 447 68 207 144 46 98 27 254 2942 31 57 1888 37 32 90 42 100 50 304 41 339 143 54 139 907 69 155 5350 
4 8 11 147 37 45 106 47 22 2052 54 173 33 160 82 65 41 143 71 89 335 85 43 120 222 31 786 70 424 68 27 217 52 157 229 
5 0 1 2 3 4 5 6 7 9 15 10 11 8 12 25 34 23 28 16 13 30 97 18 14 17 37 33 32 20 47 22 62 35 41 152 54 57 
6 0 1 2 3 6 5 4 8 7 9 14 10 12 11 18 22 16 20 29 41 498 25 33 34 36 54 46 23 26 39 1310 
7 0 1 2 3 4 6 5 7 8 9 11 21 15 10 12 14 13 19 17 20 24 23 30 38 25 16 89 97 130 18 50 46 157 48 176 303 
8 1 2 3 7 17 25 20 47 64 42 56 15 38 22 18 30 77 89 41 2308 411 53 500 70 111 48 34 36 215 63 1572 3198 1089 3774 
9 0 1 2 3 6 4 5 8 9 10 13 7 20 11 12 14 19 15 23 24 21 28 16 17 26 22 32 33 75 18 46 52 25 62 27 176 725 6729 
10 0 1 2 3 4 5 13 6 11 17 8 15 7 9 10 12 25 18 14 31 22 19 32 16 23 20 26 28 29 27 34 36 37 33 72 371 
11 0 1 2 4 5 3 7 6 8 13 34 10 9 17 11 14 12 15 18 90 46 26 45 20 236 55 29 52 41 21 112 37 64 19 56 35 28 69 155 
12 0 1 2 3 5 4 6 7 10 9 13 20 8 19 12 14 39 16 11 18 61 23 26 32 17 82 28 34 95 88 40 47 63 22 121 54 166 1502 
13 13 57 36 32 107 139 35 38 39 202 56 26 83 77 129 25 52 91 429 48 71 16 29 611 47 65 59 67 93 72 126 5482 
14 0 1 4 3 2 7 10 5 11 17 6 8 9 12 34 15 21 25 14 22 40 35 18 32 19 27 65 46 28 168 53 72 653 1007 79 112 749 121 138 6604 9559 
15 0 1 2 4 3 6 7 5 8 11 15 9 10 12 13 14 21 17 18 34 20 24 33 84 88 280 43 45 19 66 25 16 29 78 155 
16 11 64 98 20 610 76 612 151 314 242 45 28 18 247 61 31 102 2014 110 331 93 39 66 275 258 140 215 169 121 47 968 
17 0 1 2 4 3 6 5 8 7 10 17 9 11 14 12 18 20 36 34 15 23 16 25 46 21 29 60 28 13 22 24 62 41 87 19 65 1951 
18 0 1 2 3 4 9 5 7 6 10 17 8 15 19 31 18 33 14 42 11 35 29 40 21 26 24 59 25 20 22 108 62 1222 355 
19 0 1 2 3 4 5 7 9 6 12 10 16 8 13 11 18 21 15 32 17 61 20 45 23 39 30 28 57 203 88 36 74 26 38 44 31 92 126 859 
20 0 1 2 4 3 5 6 7 8 19 11 12 20 9 10 17 14 16 27 13 15 23 26 62 30 18 44 22 28 50 37 331 36 174 31 21 25 35 285 1290 2153 
21 0 1 2 3 4 6 5 9 8 10 16 7 12 15 11 14 20 28 17 13 23 18 19 22 21 77 54 33 64 82 27 83 26 44 24 65 602 1384 2848 1482 2264 
22 0 1 2 4 3 6 5 7 9 8 12 16 11 10 15 29 13 33 14 18 46 21 28 17 23 40 20 68 47 38 27 55 26 117 63 69 138 859 1310 
23 0 1 2 3 5 4 7 6 8 11 12 17 9 18 15 19 20 53 21 37 10 49 14 35 13 33 55 58 50 34 23 125 24 22 455 65 252 138 1384 
24 0 1 2 3 4 5 6 10 7 12 9 11 8 31 13 14 19 20 23 18 16 28 36 17 26 82 42 21 32 15 30 27 91 39 35 22 120 725 2060 
25 1 3 10 9 15 18 19 14 12 13 16 50 47 34 35 36 40 25 38 27 46 28 11 57 101 425 283 49 127 69 161 37 193 176 7242 
26 0 1 2 3 4 7 5 17 6 11 8 10 15 12 9 21 13 16 23 25 19 18 39 47 20 24 28 111 38 222 418 27 161 14 63 252 583 
27 0 1 2 3 6 4 5 8 10 7 11 9 17 15 34 12 16 18 24 21 23 20 25 14 84 59 13 27 71 22 38 35 29 52 120 
28 0 1 2 3 4 10 5 6 7 9 8 16 12 11 13 15 44 34 29 18 43 93 234 161 478 60 31 35 28 105 27 23 69 708 
29 0 1 2 3 4 6 7 12 9 11 10 14 131 31 47 85 71 110 250 29 89 27 24 81 73 56 49 13 34 69 84 
30 2 3 5 7 10 11 13 8 22 6 31 51 27 24 76 40 35 67 151 62 81 444 25 213 63 135 128 21 44 36 42 1610 64 30 65 199 621 126 2076 
31 0 1 2 3 5 4 8 6 7 10 12 9 18 15 14 13 11 17 16 19 24 36 20 61 29 39 58 27 84 32 55 21 37 22 144 26 96 62 197 
32 0 1 2 3 4 6 10 5 7 9 8 11 12 13 23 14 18 16 15 24 17 22 20 21 32 25 37 19 83 34 47 31 33 27 121 138 554 3849 
33 0 1 3 2 4 7 5 8 9 6 14 13 16 10 11 12 24 20 15 39 17 18 49 26 57 35 23 40 29 21 19 25 31 69 2848 3097 
34 0 1 2 3 5 4 7 6 8 10 9 14 17 18 15 19 12 45 24 20 16 25 13 58 21 30 38 42 35 33 178 26 64 31 27 28 1290 1737 
35 5 4 42 49 39 60 21 63 53 51 24 72 26 57 32 35 114 64 7718 81 123 108 763 70 31 94 89 122 128 87 44 4613 
36 0 4 8 12 6 14 15 16 11 13 10 35 49 24 33 20 80 18 61 73 41 19 58 118 50 1638 65 34 42 37 66 27 48 1211 712 5526 120 1052 554 
37 0 1 2 3 4 5 6 10 19 8 7 9 16 24 12 18 14 54 25 34 15 41 32 27 21 11 30 17 13 28 109 384 155 77 66 1315 968 
38 46 27 56 170 137 11 165 106 18 59 136 172 34 130 122 61 108 26 58 67 23 169 54 259 51 364 71 125 121 120 
39 0 1 2 3 5 4 6 7 9 8 10 26 14 17 18 13 34 16 46 12 33 22 32 11 74 50 23 42 38 27 31 21 35 4768 1671 5921 
40 0 1 5 6 11 12 9 10 18 13 24 86 452 144 51 100 95 39 294 68 20 17 109 42 31 22 1489 316 138 3849 
41 0 1 2 4 3 6 7 5 9 14 8 10 12 20 15 11 17 16 13 52 28 39 25 24 18 27 23 40 33 21 63 35 19 64 37 54 176 4247 
42 0 1 2 3 6 4 8 5 19 11 9 7 20 10 13 18 15 14 26 12 17 30 27 16 29 44 37 38 118 21 32 34 35 63 46 58 293 28 138 
43 0 6 13 26 243 39 41 38 81 238 46 48 199 58 43 251 32 30 137 84 75 36 34 35 109 237 239 108 184 27 
44 0 1 2 3 7 6 8 15 10 9 14 20 18 23 12 25 19 47 22 13 17 53 38 79 27 62 64 48 29 43 39 24 37 69 1263 
45 0 1 2 3 5 4 6 7 8 10 11 12 9 13 29 17 15 22 57 19 14 39 18 23 16 35 26 38 21 25 41 79 46 70 28 55 27 155 708 
46 0 1 2 4 3 5 6 9 8 22 7 12 11 25 20 15 23 24 13 19 110 10 18 28 27 130 51 142 54 29 17 53 55 41 83 102 485 1502 1263 
47 0 1 2 5 3 4 7 8 6 9 15 14 22 11 23 37 10 24 21 13 48 27 12 16 17 19 35 39 188 31 28 85 36 33 30 138 69 5990 583 2264 
48 0 1 2 6 3 5 4 7 13 8 10 19 17 9 11 16 14 20 34 15 12 30 21 33 39 18 48 79 25 24 74 71 103 27 184 3684 2060 
49 0 1 2 3 4 5 7 8 6 12 11 14 9 17 13 28 10 23 20 19 29 16 25 37 15 52 27 97 55 61 22 137 47 68 88 30 100 148 138 
50 1 3 5 4 6 7 9 8 16 10 14 20 17 75 50 46 18 34 31 33 49 67 52 26 29 70 37 59 164 56 148 155 7624 3097 
51 0 1 2 3 4 5 6 7 11 10 12 8 9 13 14 45 18 21 17 24 35 15 22 28 20 64 16 26 27 117 33 30 41 34 143 78 725 977 
52 2 3 8 14 16 207 11 38 41 68 50 67 30 75 60 1465 78 65 15 56 509 40 24 97 36 79 32 136 43 105 194 117 114 63 1070 102 138 1954 
53 0 1 2 4 6 3 8 12 5 9 15 10 11 7 23 26 13 20 25 14 54 16 55 21 46 70 24 22 114 17 18 19 30 91 246 121 138 
54 0 2 3 5 4 9 8 12 11 16 20 19 17 15 18 50 40 22 110 43 180 75 32 59 84 23 53 42 45 41 48 227 28 224 197 9517 
55 0 1 2 3 4 6 5 11 8 7 9 30 10 13 15 14 17 12 18 16 19 27 37 21 26 115 28 34 20 183 49 51 116 24 25 126 199 1184 3244 
56 0 1 2 4 3 6 5 7 9 12 13 8 24 19 14 16 11 10 18 45 40 35 17 22 32 27 21 23 50 37 91 33 44 38 122 280 69 859 5276 3756 2264 
57 0 1 2 3 4 5 7 6 11 8 9 14 13 19 15 25 16 12 10 26 27 28 21 41 38 17 77 18 20 83 31 43 34 171 62 69 268 708 2955 3975 
58 0 1 2 3 5 6 4 10 7 8 12 20 9 21 17 15 35 57 25 16 18 14 41 22 44 33 13 31 29 40 60 111 32 2153 
59 0 7 8 14 31 17 21 55 80 34 53 23 38 48 72 167 82 204 83 118 142 226 535 117 51 79 116 195 123 194 139 43 37 70 136 57 769 1412 
60 0 1 2 3 4 5 6 8 14 7 12 21 9 22 29 17 50 85 26 16 37 132 59 114 72 94 71 67 113 156 1694 253 65 355 
61 0 2 3 5 7 6 10 13 12 8 11 9 16 17 26 45 15 84 18 33 41 58 72 52 60 142 70 100 34 25 56 44 53 30 57 27 62 69 138 
62 0 1 2 5 3 4 6 8 7 14 12 11 17 16 13 9 10 56 28 31 15 69 23 35 19 22 33 26 24 53 21 37 112 27 36 49 55 147 155 197 138 
63 0 1 2 3 5 4 6 9 7 13 8 11 15 24 12 14 10 55 16 34 44 22 19 47 21 20 23 33 36 45 131 25 59 117 28 155 1495 138 
64 0 1 2 4 3 6 8 7 9 5 12 11 13 10 17 33 28 32 15 81 21 22 20 126 18 19 46 16 60 34 90 45 157 27 66 229 69 1434 2591 1737 
65 0 1 3 4 5 8 6 11 7 19 12 14 9 20 18 38 25 29 32 22 16 257 39 205 21 30 59 64 392 56 63 49 131 164 1954 3975 
66 0 1 2 3 5 4 6 8 10 7 9 18 22 13 14 11 23 12 15 33 19 20 25 24 21 157 35 59 87 97 29 51 36 58 126 176 3477 138 
67 0 1 2 3 4 5 6 7 8 9 11 10 15 14 26 12 16 18 19 27 37 25 32 29 21 36 24 40 30 42 13 17 22 28 23 87 63 138 
68 0 1 2 3 4 6 5 7 12 11 9 20 14 18 8 17 10 15 21 33 26 31 76 13 59 19 16 60 25 22 42 45 28 27 554 5526 
69 0 20 22 53 936 1107 89 689 18 30 107 59 21 216 24 3499 145 68 15 29 94 23 14 51 117 48 43 34 17 63 977 
70 2 4 5 6 7 9 11 29 15 17 12 73 56 43 47 16 76 41 33 203 35 116 180 49 205 170 223 32 61 106 123 69 1917 859 
71 0 1 2 5 3 4 6 7 15 11 9 13 20 12 10 8 26 17 36 16 48 34 22 29 19 18 33 28 55 93 21 40 27 549 2591 968 
72 0 4 3 9 8 26 21 24 14 7 180 136 16 51 79 61 67 74 82 39 103 111 38 117 143 48 30 19 22 360 477 225 105 72 187 404 
73 0 6 5 10 11 7 13 23 12 15 20 14 103 38 39 25 19 149 65 56 320 58 57 227 44 36 88 33 128 3708 637 95 84 119 51 520 54 110 72 69 3110 
74 0 1 2 3 4 5 6 7 12 14 10 9 15 11 13 22 16 8 29 33 17 21 170 60 24 25 19 38 71 45 37 20 23 70 36 126 1495 
75 0 1 2 3 4 6 7 5 8 12 9 10 18 17 16 13 15 20 43 58 24 28 32 72 45 75 41 33 34 27 37 335 60 42 63 69 583 1482 1671 6165 
76 0 1 2 4 3 5 6 7 9 16 10 8 22 12 13 50 14 19 20 24 11 104 39 23 30 17 25 35 18 26 33 27 112 78 57 155 
77 533 29 113 81 124 83 97 52 44 851 35 71 102 217 514 78 249 117 39 105 24 188 244 8733 433 4138 161 112 8466 4347 554 725 
78 1 4 3 6 7 17 8 11 12 10 14 23 30 26 20 58 43 18 64 61 25 33 29 85 46 40 44 435 119 218 27 2818 1502 
79 1 2 4 5 9 13 10 24 30 44 56 51 118 35 134 62 57 156 74 82 36 22 34 60 1424 84 40 224 332 11 63 66 501 119 185 73 195 37 27 485 
80 0 1 3 2 4 5 8 7 13 6 10 9 15 12 17 11 24 14 23 28 16 25 20 22 19 18 63 36 21 31 32 29 37 30 38 27 34 107 121 138 
81 0 1 2 3 4 5 8 7 6 11 13 10 16 20 14 9 19 12 17 15 37 65 26 21 38 54 24 71 27 58 381 36 25 22 94 131 28 138 468 1583 900 1263 
82 0 1 2 3 6 4 9 7 5 8 16 11 14 13 12 32 21 29 10 19 63 22 25 40 24 49 20 15 125 96 36 17 42 55 73 155 1671 138 1077 3097 
83 0 1 2 3 4 5 6 7 12 11 10 8 13 9 25 21 19 16 42 39 14 18 15 32 129 50 20 38 31 59 144 57 37 3244 
84 0 1 2 4 3 5 6 15 8 12 7 9 13 10 22 20 16 29 11 14 17 38 86 32 51 47 42 50 108 28 19 36 53 69 621 1089 9305 
85 1 2 3 4 6 9 5 7 11 10 13 8 15 29 30 56 18 28 53 24 17 22 232 12 46 51 50 106 35 31 43 90 176 152 138 
86 0 1 3 2 5 4 7 11 6 13 10 8 15 19 14 23 9 12 20 16 35 18 71 34 31 87 28 25 21 22 98 47 44 26 27 69 7055 1310 
87 0 1 2 4 3 6 7 5 9 8 11 10 18 12 22 15 14 20 17 13 281 34 23 24 42 49 81 29 38 71 32 679 709 176 2848 
88 0 1 2 4 3 7 9 5 6 8 12 15 45 10 17 27 13 22 19 14 68 16 21 11 54 51 26 38 42 25 20 24 18 81 30 120 4171 
89 0 2 5 3 4 7 6 11 10 17 9 13 14 8 18 15 16 23 19 108 44 36 28 30 50 38 99 53 60 20 41 72 35 447 24 42 152 69 135 309 120 1954 867 
90 0 1 2 3 5 4 6 8 7 17 10 9 12 15 21 11 14 19 25 28 23 16 24 13 20 33 47 97 35 26 34 30 84 32 57 37 1384 138 
91 0 1 2 3 5 4 7 6 8 14 17 9 16 25 13 30 12 35 22 33 41 20 52 38 60 18 10 27 70 66 36 23 78 19 67 28 176 3244 869 1671 
92 0 1 3 2 4 5 6 8 7 14 15 10 13 12 21 20 24 9 31 16 17 27 41 30 38 50 25 22 40 73 18 97 19 36 399 3097 1334 9584 
93 0 4 6 9 7 8 15 31 128 30 110 105 20 49 50 502 122 250 669 35 13 87 46 59 18 26 131 363 40 45 41 62 249 
94 0 1 2 4 5 8 11 12 7 14 20 9 16 13 43 189 45 31 26 21 15 25 51 24 49 29 32 41 19 77 55 56 86 37 27 5921 
95 0 2 3 7 6 8 5 10 17 22 87 19 41 15 36 107 51 46 38 26 200 54 31 79 178 141 43 715 59 57 62 262 61 28 193 138 1790 554 
96 1 4 6 11 19 12 22 25 24 41 20 201 39 87 53 51 68 48 50 38 28 30 58 397 44 65 225 16 83 56 1558 139 33 451 859 138 
97 0 1 2 3 4 6 5 9 8 7 12 14 13 10 21 15 39 46 22 168 34 16 11 26 86 40 18 92 19 43 28 23 52 2889 
98 0 1 2 3 5 4 11 6 8 9 10 12 26 7 18 20 14 19 17 15 41 52 44 40 27 25 62 16 55 43 38 24 72 101 31 65 69 3097 1263 
99 0 1 2 3 4 6 5 7 9 15 8 10 14 12 18 13 16 34 24 11 25 20 19 38 32 23 29 21 97 39 22 51 27 28 37 61 3110 